name,amenity,longitude,latitude
Szkoła Podstawowa nr 112 Przymierza Rodzin im. Jana Pawła II,school,21.0557007,52.1515045
Szkoła Podstawowa z Oddziałami Integracyjnymi nr 301 im. Janusza Korczaka,school,20.9131882,52.2258774
Szkoła Podstawowa nr 260 im. Jana Matejki,school,21.0399605,52.2048649
Prywatna Szkoła Podstawowa nr 6 Sióstr Niepokalanek im. Bł. M. Marceliny Darowskiej,school,21.075872,52.1281635
Szkoła Podstawowa Nr 4 im. Stefana Grota-Roweckiego w Markach,school,21.1255731,52.3326464
Szkoła Podstawowa nr 371 im. Sandro Pertiniego,school,21.0557102,52.1849713
Szkoła Podstawowa nr 2 Przymierza Rodzin im. Księdza Jana Twardowskiego,school,21.0197007,52.1994859
"Niepubliczna Szkoła Podstawowa ""Inspiracja""",school,20.9639921,52.3362566
Szkoła Podstawowa Specjalna nr 155,school,20.9763212,52.2742302
Szkoła Podstawowa Niepubliczna nr 49,school,21.031695,52.1724084
Szkoła Podstawowa nr 370,school,20.9322197,52.2836689
Szkoła Podstawowa nr 236 z Oddziałami Integracyjnymi im. Ireny Sendlerowej,school,20.947472,52.2340803
Szkoła Podstawowa Specjalna nr 331,school,20.9371059,52.2419315
Szkoła Podstawowa nr 359,school,20.9039022,52.2100325
Szkoła Podstawowa Specjalna Nr 302 w Ośrodku Terapii Dziecka w Środowisku,school,21.0394438,52.1961443
Publiczna Szkoła Podstawowa Sióstr Zmartwychwstanek,school,20.976889,52.2658654
Szkoła Podstawowa nr 24 Społecznego Towarzystwa Oświatowego,school,20.9114594,52.2344615
Prywatna Szkoła Podstawowa nr 83,school,21.0411843,52.1577505
Społeczna Szkoła Podstawowa,school,21.0375829,52.2537796
Katolicka Szkoła Podstawowa Fundacji Na Rzecz Rodziny,school,21.0654714,52.1368994
Prywatna Szkoła Podstawowa im. Ks. Jerzego Popiełuszki w Ząbkach,school,21.114433,52.2791673
Szkoła Podstawowa nr 9 STO,school,21.0276357,52.160569
Szkoła Podstawowa przy Społecznym Liceum Ogólnokształcącym nr 4 im. Batalionu AK „Parasol”,school,21.0411196,52.1509053
Niepubliczna Szkoła Podstawowa nr 47 im. Roberta Schumana,school,21.061566,52.1326705
Szkoła Podstawowa Specjalna nr 131,school,21.1324069,52.2594606
Szkoła Podstawowa nr 254,school,21.1359001,52.2468891
Szkoła Podstawowa Specjalna nr 346 w Szpitalu Bielańskim im. ks. Jerzego Popiełuszki w SPZOZ,school,20.9504709,52.287287
Szkoła Podstawowa nr 46 im. Stefana Starzyńskiego,school,21.0284786,52.1739998
"""Wonderful Years School"" Prywatna Szkoła Podstawowa",school,21.0679836,52.2255044
Szkoła Podstawowa Sióstr Nazaretanek z Oddziałami Dwujęzycznymi,school,21.0467514,52.2108998
"Szkoła Podstawowa Niepubliczna Fundacji ""Nauka i Wiedza""",school,21.0473424,52.1377082
Szkoła Podstawowa z Oddziałami Integracyjnymi nr 344 im. Powstania Warszawskiego,school,20.9485748,52.3218652
Dwujęzyczne Przedszkole i Dwujęzyczna Szkoła Podstawowa PWN,school,20.9971648,52.2071998
Szkoła Podstawowa nr 375,school,21.087391,52.2274545
Prywatna Szkoła Podstawowa nr 41 Edu Bene,school,20.9994516,52.2495948
Szkoła Podstawowa nr 316 im. Astrid Lindgren,school,20.901424,52.2360351
Szkoła Podstawowa z Oddziałami Integracyjnymi nr 342 im. Jana Marcina Szancera,school,20.9438306,52.3310972
Szkoła Podstawowa nr 366 im. Jana Pawła II,school,20.9447264,52.3304579
Szkoła Podstawowa nr 104,school,21.1019596,52.1206118
"Szkoła Podstawowa Specjalna Nr 393 w Młodzieżowym Ośrodku Socjoterapii Nr 2 ""Kąt""",school,21.1691549,52.2167281
"Szkoła Podstawowa Specjalna Nr 106 w Instytucie ""Pomnik - Centrum Zdrowia Dziecka""",school,21.1918676,52.2053675
Szkoła Podstawowa Towarzystwa Edukacyjnego Vizja,school,21.1922007,52.1817821
Academy International Wawer Niepubliczna Szkoła Podstawowa z Oddziałami Dwujęzycznymi,school,21.1421834,52.2258857
Niepubliczna Waldorfska Szkoła Podstawowa,school,21.1688082,52.2178224
Chrześcijańska Szkoła Podstawowa Samuel,school,21.1786351,52.2102504
"""Żagle"" Szkoła Podstawowa Stowarzyszenia Sternik",school,21.1769806,52.2068359
"Niepubliczna Specjalna Szkoła Podstawowa dla Dzieci z Autyzmem ""W kontakcie""",school,20.9759194,52.2380301
Prymus Szkoła Podstawowa dla Dorosłych w Warszawie,school,21.0142033,52.1134378
Szkoła Podstawowa Nr 96 im. Ireny Kosmowskiej,school,21.0146638,52.1132168
Edulider Szkoła Podstawowa dla Dorosłych w Warszawie,school,21.0142021,52.1132022
Szkoła Podstawowa Heliantus,school,21.0335736,52.108805
Chrześcijańska Szkoła Podstawowa Daniel,school,21.0567705,52.1541002
Szkoła Podstawowa im. Samuela Bogumiła Lindego,school,21.0761055,52.1341393
Prywatna Szkoła Podstawowa Active School,school,21.0639961,52.1315999
Amerykańska Szkoła Podstawowa Niepubliczna Nr 44,school,21.0732516,52.1327976
Dwujęzyczna Szkoła Podstawowa nr 1,school,21.1945264,52.2485216
Szkoła Podstawowa nr 224 dla Dorosłych,school,21.055998,52.2479764
Korczak. Szkoła Podstawowa Montessori,school,21.0598829,52.248898
Szkoła Podstawowa Specjalna nr 282,school,21.0625064,52.2346432
Szkoła Podstawowa Specjalna nr 348,school,21.093855,52.2465112
Szkoła Podstawowa Specjalna nr 5,school,21.0970728,52.2446201
Akademicka Szkoła Podstawowa Wyższej Szkoły Menedżerskiej w Warszawie,school,21.0569034,52.2574087
Szkoła Podstawowa Specjalna nr 6,school,21.0479842,52.2559303
Niepubliczna Szkoła Podstawowa EduArt im. Leonarda da Vinci,school,20.9675843,52.2467133
Szkoła Podstawowa Towarzystwa Edukacyjnego Vizja,school,20.9788657,52.2507044
Szkoła Podstawowa,school,20.9849679,52.241083
Niepubliczna Szkoła Podstawowa Promitis,school,21.0459129,52.2598586
Niepubliczna Integracyjna Szkoła Podstawowa,school,21.0682602,52.2661767
Szkoła Podstawowa nr 360,school,20.8999141,52.1971835
Prywatna Szkoła Podstawowa nr 108,school,21.0791711,52.2909253
Społeczna Szkoła Podstawowa nr 26 STO im. prof. Jigoro Kano,school,21.0026871,52.2076633
Szkoła Podstawowa nr 379 im. Szarych Szeregów,school,21.0306733,52.2968983
Szkoła Podstawowa nr 380 im. Jana Pawła II,school,21.0470113,52.2942508
Szkoła Podstawowa Zielona Szkoła w Folwarku,school,21.0510664,52.2881537
"Niepubliczna Terapeutyczna Szkoła Podstawowa ""Dobry Start""Z Oddziałami Przedszkolnymi",school,20.9376869,52.3243104
Szkoła Podstawowa nr 314 im. Przyjaciół Ziemi,school,20.9598692,52.314869
Szkoła Podstawowa dla Dorosłych,school,21.0090166,52.3338471
"Szkoła Podstawowa ""Szkoła w Chmurze""",school,20.9625368,52.2590162
Niepubliczna Szkoła Podstawowa,school,20.927765,52.2707127
Katolicka Szkoła Podstawowa nr 109 Fundacji Na Rzecz Rodziny,school,20.9211125,52.3124999
Społeczna Szkoła Podstawowa nr 13 z Oddziałami Dwujęzycznymi,school,20.9194384,52.3131272
Społeczna Szkoła Podstawowa Integracyjna nr 100 Społecznego Towarzystwa Oświatowego,school,20.9393676,52.2843837
Szkoła Podstawowa nr 86 Stowarzyszenia Kultury i Edukacji,school,20.9684678,52.2755351
Szkoła Podstawowa Niepubliczna nr 74,school,20.9629435,52.2798608
Niepubliczna Szkoła Podstawowa Fundacji Scolar,school,20.9442445,52.2793891
Szkoła Podstawowa Specjalna nr 347,school,20.9391401,52.27591
Szkoła Podstawowa Specjalna nr 291,school,20.9750414,52.274764
Niepubliczna Szkoła Podstawowa Gaudeamus,school,20.8953487,52.228821
"Społeczna Szkoła Podstawowa Fundacji ""Alteredu""",school,20.9899393,52.2507795
"Prywatna Szkoła Podstawowa nr 98 ""Didasko""",school,21.0697931,52.2500599
Szkoła Podstawowa Specjalna nr 243,school,20.997463,52.2411276
Szkoła Podstawowa Specjalna nr 213,school,20.9976928,52.2411914
Szkoła Podstawowa Specjalna nr 196,school,21.0003959,52.2350335
Szkoła Podstawowa nr 34,school,21.0280902,52.236198
Szkoła Podstawowa nr 9,school,21.0277426,52.1591344
Prywatna Żeńska Szkoła Podstawowa z Oddziałami Dwujęzycznymi,school,21.0180567,52.2238514
Prywatna Męska Szkoła Podstawowa,school,21.0178669,52.2238126
Szkoła Podstawowa Specjalna nr 226,school,21.0238628,52.2286281
Szkoła Podstawowa nr 389 im. Stefana Starzyńskiego,school,20.9839521,52.2473158
Szkoła Podstawowa Specjalna nr 51,school,21.0369617,52.2249132
Szkoła Podstawowa Montessori im. św. Urszuli Ledóchowskiej,school,21.0463426,52.2182307
Szkoła Podstawowa Specjalna nr 201,school,21.0303194,52.2006106
Szkoła Podstawowa nr 3 im. Dzieci Powstania Warszawskiego,school,21.0736247,52.2118472
Szkoła Podstawowa Specjalna nr 294 w Instytucie Psychiatrii i Neurologii,school,21.0636791,52.1730941
Szkoła Podstawowa nr 107 im. Bronisława Malinowskiego,school,21.0390419,52.1734551
Brytyjska Szkoła Podstawowa The British School nr 91 w Warszawie,school,21.0547331,52.1895681
Szkoła Podstawowa im. Komisji Edukacji Narodowej,school,20.9996796,52.1808746
Szkoła Podstawowa Specjalna nr 111 im. Stefana Starzyńskiego,school,21.0166107,52.2027395
"I Społeczna Szkoła Podstawowa Specjalna ""Dać Szansę""",school,21.000961,52.1902179
Szkoła Podstawowa Specjalna nr 22 im. prof. dr hab. med. Eleonory Reicher,school,20.9941909,52.190896
Szkoła Podstawowa Specjalna nr 251,school,20.9987487,52.1911328
Szkoła Podstawowa Eduventura,school,20.9381486,52.1602932
Niepubliczna Szkoła Podstawowa Tosi i Franka,school,20.8946581,52.2059335
"Międzynarodowa Szkoła Podstawowa Towarzystwa Edukacyjnego ""Vizja""",school,20.9603784,52.1888661
Szkoła Podstawowa nr 157 im. Adama Mickiewicza,school,21.01869303488922,52.199909562472925
Szkoła Podstawowa Nr 340 im. Profesora Bogusława Molskiego,school,21.06295026280504,52.13974924710229
Szkoła Podstawowa z Oddziałami Integracyjnymi nr 330 im. Nauczycieli Tajnego Nauczania,school,21.060230945619345,52.14544822486157
"Szkoła Podstawowa nr 336 im. Janka Bytnara ""Rudego""",school,21.048816573102357,52.139633943375365
Szkoła Podstawowa nr 185 im. UNICEF,school,21.0872377239418,52.22491682146562
Szkoła Podstawowa nr 303 im. Fryderyka Chopina,school,21.03054861102186,52.16478127007863
Szkoła Podstawowa nr 319 im. Marii Kann,school,21.03309583815117,52.16088815348098
Szkoła Podstawowa nr 303 im. Fryderyka Chopina,school,21.03021327608107,52.16311285748848
Szkoła Podstawowa z Oddziałami Integracyjnymi nr 343 im. Matki Teresy Z Kalkuty,school,21.05365173642178,52.15657303848166
Szkoła Podstawowa nr 312 im. Ewy Szelburg-Zarembiny,school,21.100496374956865,52.227360332899856
Szkoła Podstawowa Integracyjna nr 339 im. Raoula Wallenberga,school,21.049426697671752,52.177242532173956
Szkoła Podstawowa nr 307 im. Króla Jana III Sobieskiego,school,21.05514266386803,52.17651165514323
Szkoła Podstawowa nr 322 im. Jana Brzechwy,school,21.032161440645464,52.1516066972248
Szkoła Podstawowa nr 255 im. Cypriana Kamila Norwida,school,21.06511961958173,52.247002132081484
Szkoła Podstawowa nr 141 im. majora Henryka Sucharskiego,school,21.09531388021628,52.248322332633066
Szkoła Podstawowa nr 323 im. Polskich Olimpijczyków,school,21.04012034200916,52.14395223541561
Szkoła Podstawowa nr 60 im. Powstania Listopadowego,school,21.072546500061023,52.24391523935071
Szkoła Podstawowa nr 23 imienia Edwarda Szymańskiego,school,20.99291711587693,52.217146234451775
Szkoła Podstawowa Specjalna nr 327 im. dr Anny Lechowicz,school,20.97708202693124,52.216481746048366
Niepubliczna Szkoła Podstawowa nr 81,school,21.000623890035886,52.2195200569323
Szkoła Podstawowa nr 163,school,21.105311746505862,52.237517374337216
Szkoła Podstawowa nr 246 im. Tadeusza Kościuszki,school,21.092885847221666,52.237887031423796
Szkoła Podstawowa nr 323 im. Polskich Olimpijczyków,school,21.046861080003815,52.14485546416885
"Szkoła Podstawowa nr 377 im. mjr. Henryka Dobrzańskiego ""Hubala""",school,21.060671632080766,52.27454228066351
Szkoła Podstawowa nr 143 im. Stefana Starzyńskiego,school,21.06399378477671,52.22950796909022
Szkoła Podstawowa nr 211 im. Janusza Korczaka,school,21.01878843908333,52.23207831404281
Szkoła Podstawowa nr 312 im. Ewy Szelburg-Zarembiny,school,21.098106552414354,52.22602406980482
Szkoła Podstawowa nr 374,school,21.10855424590453,52.24740587519013
Szkoła Podstawowa nr 203,school,21.017134698626702,52.22607525950391
Szkoła Podstawowa nr 271 im. 11 Listopada,school,21.00882288429814,52.173845133317286
Szkoła Podstawowa nr 373 im. Ignacego Jana Paderewskiego,school,21.058073123895905,52.23755570499491
Szkoła Podstawowa nr 120 z Oddziałami Integracyjnymi,school,21.079331560468642,52.24037020260621
Szkoła Podstawowa nr 175 im. Heleny Marusarzówny,school,20.966481626207937,52.208514147483264
Szkoła Podstawowa nr 48 im. Adama Próchnika,school,21.02059709513705,52.21900508209795
Szkoła Podstawowa nr 115 im. Wandy Turowskiej,school,21.064255358905374,52.18323464286276
Szkoła Podstawowa nr 401,school,21.106322257107664,52.236033132438735
Szkoła Podstawowa nr 318 im. Jana Christiana Andersena,school,21.047168498470693,52.152364517514
Szkoła Podstawowa Nr 387 im. Szarych Szeregów,school,20.97758884864622,52.22818142638771
Szkoła Podstawowa nr 215 im. Piotra Wysockiego,school,21.112876539127566,52.243969564655444
Szkoła Podstawowa nr 32 z Oddziałami Integracyjnymi im. Małego Powstańca,school,20.990110205947065,52.251306997648975
"Szkoła Podstawowa z Oddziałami Integracyjnymi nr 87 im. 7 PP AK ""Garłuch""",school,20.939755854181655,52.17693732723081
Szkoła Podstawowa nr 103,school,21.062649693200008,52.19060089468431
Szkoła Podstawowa nr 220 im. Stanisława Kopczyńskiego,school,20.998375205916137,52.23734692115226
Szkoła Podstawowa nr 46 im. Stefana Starzyńskiego,school,21.02852010989966,52.17269145418267
Szkoła Podstawowa nr 10 im. Grzegorza Piramowicza,school,20.981012139861644,52.20100994958759
Szkoła Podstawowa Integracyjna nr 317 im. Edmunda Bojanowskiego,school,20.947073058374144,52.24307292367898
Szkoła Podstawowa nr 225 im. Józefa Gardeckiego,school,20.939320864773556,52.24197250270768
Szkoła Podstawowa z Oddziałami Integracyjnymi nr 82 im. Jana Pawła II,school,20.91878901601838,52.240555442894674
Szkoła Podstawowa nr 350 im. Armii Krajowej,school,20.903285643388166,52.23081377271821
Szkoła Podstawowa nr 66 im. ks. Juliana Chrościckiego,school,20.900687039617168,52.20420809501825
Szkoła Podstawowa z Oddziałami Integracyjnymi nr 14 im. Bohaterów Warszawy,school,20.890588706622655,52.189445819621845
Szkoła Podstawowa nr 381 im. Krzysztofa Kamila Baczyńskiego,school,20.887489669027893,52.18716221314243
Szkoła Podstawowa nr 75 im. Marii Konopnickiej,school,21.00744169228288,52.24225209746091
Szkoła Podstawowa nr 397 im. Bohaterów Olszynki Grochowskiej,school,21.06882176870231,52.22733345296856
Szkoła Podstawowa Integracyjna nr 135 im. Marii Kownackiej,school,21.080918746521533,52.22914021578173
"Szkoła Podstawowa nr 279 im. Batalionów AK ""Gustaw"" I ""Harnaś""",school,21.079399361499046,52.231486066643775
Szkoła Podstawowa nr 119 im. 3 Berlińskiego Pułku Piechoty,school,21.005364697010844,52.19038474236575
Szkoła Podstawowa nr 202 im. 34 Pułku Strzelców Budziszyńskich,school,21.006440064748798,52.19218683408081
Szkoła Podstawowa nr 88 im. Gabriela Narutowicza,school,20.965773871815554,52.19236185683552
Szkoła Podstawowa nr 72 im. Przyjaciół Grochowa,school,21.082004166083525,52.2495877717365
Szkoła Podstawowa nr 139 imienia Ludwiki Wawrzyńskiej,school,20.961892203170464,52.2341879488356
Szkoła Podstawowa nr 306 im. ks. Jana Twardowskiego,school,20.906158306816394,52.22268548052384
Szkoła Podstawowa nr 363 im. prof. Witolda Doroszewskiego,school,20.901859251551297,52.223245766540224
Szkoła Podstawowa im. Jana Pawła II,school,20.889520238705618,52.16774917015813
Szkoła Podstawowa nr 319 im. Marii Kann,school,21.039297819043362,52.157772941622405
Szkoła Podstawowa nr 313 im. Polskich Odkrywców,school,21.02525019679279,52.154260920500974
Szkoła Podstawowa nr 221 im. Barbary Bronisławy Czarnowskiej,school,20.989273598538027,52.23607253703317
Szkoła Podstawowa nr 209 im. Hanki Ordonówny,school,20.9393174212237,52.283483701347016
Szkoła Podstawowa z Oddziałami Integracyjnymi nr 223 im. Partyzantów Ziemi Kieleckiej,school,20.942070863092543,52.28432646702211
Szkoła Podstawowa nr 53 im. Mariusza Zaruskiego,school,20.974050779226943,52.28066651753601
Szkoła Podstawowa nr 100 im. Płk. Francesco Nullo,school,21.01625328510711,52.1465420063943
Szkoła Podstawowa nr 190 im. Orła Białego,school,21.051041573167353,52.209382075212744
Szkoła Podstawowa nr 68 im. Artura Oppmana,school,20.9839241875207,52.26233830278406
Szkoła Podstawowa nr 267 im. Juliusza Słowackiego,school,20.96891914452653,52.2664547349004
Szkoła Podstawowa nr 321,school,20.920283986830945,52.25215569817397
Szkoła Podstawowa Nr 169 im. Orła Białego,school,21.09174838160081,52.157129781183166
Szkoła Podstawowa Nr 261 i XXXVIII Liceum Ogólnokształcące im. Stanisława Kostki Potockiego,school,21.085844127847814,52.16880817849673
Szkoła Podstawowa Niepubliczna im. Wiktorii Wiedeńskiej,school,21.08774778779846,52.16720098158941
Szkoła Podstawowa nr 227 im. Lotników Polskich,school,20.973088238519157,52.18457685398604
Społeczna Szkoła Podstawowa nr 30 STO,school,20.973962003555926,52.18270157014516
Szkoła Podstawowa nr 280 im. Tytusa Chałubinskiego,school,20.978381149044772,52.19502620101313
Szkoła Podstawowa nr 310 im. Michała Byliny,school,21.041598673880117,52.14902280523825
Szkoła Podstawowa z Oddziałami Integracyjnymi nr 214 im. Henryka Jerzego Chmielewskiego,school,20.947905671894308,52.274046396147526
Szkoła Podstawowa nr 352 im. Jerzego Huberta Wagnera,school,20.929551638004206,52.2723340785534
Szkoła Podstawowa nr 80 im. Marii Kownackiej,school,20.93151518242293,52.27581748290207
Szkoła Podstawowa nr 293 im. Jana Kochanowskiego,school,20.954136895431372,52.26709208545572
Szkoła Podstawowa nr 210 im. Bohaterów Pawiaka,school,20.99183716348531,52.24686664040394
Szkoła Podstawowa nr 222 im. Jana Brzechwy,school,20.979126057404642,52.24555801051989
Szkoła Podstawowa nr 32 z Oddziałami Integracyjnymi im. Małego Powstańca,school,20.99389520740226,52.25260781134743
Szkoła Podstawowa nr 132 im. Sándora Petőfiego,school,20.953303880741704,52.22843545767642
Szkoła Podstawowa nr 383 im. Księdza Stefana Kardynała Wyszyńskiego,school,20.861240810667063,52.19360104313937
Szkoła Podstawowa im. Cypriana Godebskiego,school,20.922674692932787,52.15441621084758
Szkoła Podstawowa Sportowa nr 272 im. Eugeniusza Lokajskiego,school,21.03364696775338,52.19828090272609
Szkoła Podstawowa nr 1 im. Marii Kownackiej,school,20.894535768169295,52.337024175127624
Szkoła Podstawowa im. Marii Konopnickiej,school,20.85706703746916,52.34821940865939
Szkoła Podstawowa nr 4 im. Władysława Broniewskiego,school,20.89564227075126,52.192812028900455
Szkoła Podstawowa nr 234 im. Juliana Tuwima,school,20.9796755914422,52.2438551893953
Szkoła Podstawowa Nr 195,school,21.142581941600522,52.23867721843941
Szkoła Podstawowa z Oddziałami Integracyjnymi nr 154 im. Edmunda Strzeleckiego,school,20.945046793567702,52.33790593933341
Szkoła Podstawowa nr 365 im. Wojciecha Zawadzkiego,school,20.973738119491408,52.31212719276192
Szkoła Podstawowa nr 257 im. Profesora Mariana Falskiego,school,20.974089783459295,52.326382435398635
Szkoła Podstawowa nr 110 im. Kazimierza Jeżewskiego,school,20.993449050606635,52.34056724868063
Szkoła Podstawowa nr 118 imienia Przyjaciół Mazowsza,school,20.980982821681966,52.30557164608003
Szkoła Podstawowa nr 172,school,21.19072974028365,52.239089549475764
Szkoła Podstawowa nr 70 im. Bohaterów Monte Cassino,school,21.001974593046175,52.208396332338666
Szkoła Podstawowa nr 4 w Zielonce,school,21.158062433224597,52.310415093932285
Szkoła Podstawowa nr 63 im. Zawiszy Czarnego,school,20.96665866833541,52.238128575207064
Szkoła Podstawowa nr 1 im. Gustawa Morcinka,school,21.01130801806298,52.22347096845786
Szkoła Podstawowa z Oddziałami Integracyjnymi nr 2 im. Jana Pawła II,school,20.868969586114517,52.20083789627871
Szkoła Podstawowa nr 94 im. I Marszałka Polski Józefa Piłsudskiego,school,20.924357181865975,52.20204787019348
Prywatna Szkoła Podstawowa Nr 92,school,21.162009186303045,52.209818485906034
Szkoła Podstawowa Nr 1 im. Stanisława Staszica,school,20.8548334704426,52.18375996186023
Szkoła Podstawowa z Oddziałami Integracyjnymi nr 73,school,21.039111619445418,52.253854806924735
Szkoła Podstawowa z Oddziałami Integracyjnymi nr 30,school,21.049882002854005,52.25505665284424
Szkoła Podstawowa nr 50,school,21.036139526825227,52.250018855207415
Szkoła Podstawowa nr 28 im. Stefana Żeromskiego,school,21.045485015551915,52.27413813026272
Szkoła Podstawowa nr 114 im. Jędrzeja Cierniaka,school,21.05409023869304,52.272320042746834
Szkoła Podstawowa Specjalna nr 167,school,21.05876660592441,52.18436047385616
Szkoła Podstawowa nr 264 im. Gabrieli Mistral,school,20.97263021375093,52.2031817379902
Prywatna Szkoła Podstawowa nr 62 im. Joanny Kolasińskiej,school,21.020209687038797,52.29388385956248
Szkoła Podstawowa Niepubliczna nr 38 z Oddziałamii Integracyjnymi im. Ireny Sendlerowej,school,21.020651976276948,52.29402408805259
Szkoła Podstawowa nr 16 im. Tony Halika,school,21.057973680289127,52.12855517830717
Niepuliczna Szkoła Podstawowa i Niepubliczne Liceum Ogólnokształcące Ad Astra,school,21.106117882324885,52.325998959343785
Szkoła Podstawowa nr 378 im. Ignacego Jana Paderewskiego,school,21.02967986810155,52.28740507341873
Szkoła Podstawowa nr 238 im. Christo Botewa,school,20.9401816998884,52.23370919441965
Szkoła Podstawowa z Oddziałami Integracyjnymi nr 112,school,21.067338608221863,52.32715718559192
Szkoła Podstawowa nr 12 im. Powstańców Śląskich,school,21.029101020586662,52.22399174778512
Szkoła Podstawowa nr 394,school,21.008323754072343,52.19348545557479
Szkoła Podstawowa nr 388 im. Jana Pawła II,school,20.947344835494913,52.24224171482253
Szkoła Podstawowa nr 92 im. Jana Brzechwy,school,20.96427641813426,52.26488961296281
Szkoła Podstawowa nr 146 im. Janusza Korczaka,school,21.010194853311017,52.182620351116206
Szkoła Podstawowa z Oddziałami Integracyjnymi nr 354,school,21.057354680415067,52.259326137995416
Szkoła Podstawowa nr 127,school,21.041562915401904,52.26309697796391
Szkoła Podstawowa nr 33 im. Wojsk Obrony Powietrznej Kraju,school,21.027647797284693,52.184073769153954
Szkoła Podstawowa im. Polskich Olimpijczyków w Mysiadle,school,21.004279832623475,52.10275810004318
Szkoła Podstawowa nr 29 im. Giuseppe Garibaldiego,school,21.03846604095097,52.22399572601608
Szkoła Podstawowa nr 355 im. Jana Wedla,school,20.96145029731281,52.32089888503747
"Szkoła Podstawowa nr 392 im. Jana Bytnara ps. ""Rudy""",school,20.995455511896555,52.2629961982649
Szkoła Podstawowa nr 2 im. Jana Kochanowskiego,school,21.109462487186043,52.2933227865965
Szkoła Podstawowa Nr 5 im. bł. ks. Jerzego Popiełuszki,school,21.102966709127493,52.29421983358709
Szkoła Podstawowa nr 1 im. Generała Franciszka Kleeberga,school,21.110037024451447,52.28682571965296
Szkoła Podstawowa Nr 4 im. św. Jana Pawła II,school,21.1122539787718,52.28647232338922
Szkoła Podstawowa nr 356 im. Ryszarda Kaczorowskiego,school,21.068105418884496,52.3115663083701
Szkoła Podstawowa nr 140 im. Kazimierza Jeżewskiego,school,21.19386151263502,52.186219827923935
Społeczna Szkoła Podstawowa nr 14 im. Dzieci Zjednoczonej Europy S.T.O.,school,21.004542752421237,52.19381337981286
Szkoła Podstawowa nr 69 im. Marii Skłodowskiej-Curie,school,21.010021017316138,52.198043147904194
Szkoła Podstawowa Nr 109,school,21.1338196766371,52.198017859221046
Szkoła Podstawowa nr 289 im. Henryka Sienkiewicza,school,20.93839140027583,52.272055842809955
Szkoła Podstawowa nr 277 im. Elizy Orzeszkowej,school,21.03802115559415,52.29526460843162
Szkoła Podstawowa nr 285 im. Jana Marcina Szancera,school,21.040783928133013,52.298274894073025
Szkoła Podstawowa nr 3 im. Pomnik Zwycięstwa 1920 r.,school,21.113317064801205,52.34021933084914
Szkoła Podstawowa nr 187 im. Adama Mickiewicza,school,20.95673816128667,52.27385014835446
Szkoła Podstawowa nr 133 im. Stefana Czarnieckiego,school,20.949346556905695,52.278376860763785
"Szkoła Podstawowa nr 391 im. Macieja Aleksego Dawidowskiego ps. ""Alek""",school,20.98335345649498,52.268781337813486
Szkoła Podstawowa Specjalna nr 123,school,20.990661931115664,52.268135202105064
Szkoła Podstawowa z Oddziałami Integracyjnymi nr 341 im. Twórców Literatury Dziecięcej,school,20.926311881530935,52.25896627201154
Szkoła Podstawowa nr 98 im. Lucy Maud Montgomery,school,21.02761901356802,52.20521207588235
Szkoła Podstawowa nr 65 im. Władysława Orkana,school,20.984766989741455,52.275703149555355
Szkoła Podstawowa nr 205 im. Żołnierzy Powstania Warszawskiego,school,20.996427843571276,52.191411705011575
Szkoła Podstawowa nr 273 im. dr. Aleksandra Landy,school,20.933881862633296,52.292381435631384
Szkoła Podstawowa nr 6,school,21.16488359366127,52.10162211531353
Szkoła Podstawowa nr 148 im. Hugona Kołłątaja,school,20.950542182289098,52.245844457359965
Szkoła Podstawowa nr 298,school,21.025307826434986,52.29143396656661
Szkoła Podstawowa nr 42 im. Konstantego Ildefonsa Gałczyńskiego,school,21.037923559888018,52.285971377507664
Szkoła Podstawowa nr 157 im. Adama Mickiewicza w Warszawie,school,21.02188031639723,52.19365695232274
Kanadyjska Szkoła Podstawowa nr 84,school,20.99874808051297,52.19164548829727
Szkoła Podstawowa nr 369 im. Antoniego Bolesława Dobrowolskiego,school,20.940624438407944,52.276345573675464
Szkoła Podstawowa nr 263 im. Powstańców Wielkopolskich,school,20.94295693851625,52.29129106804504
Szkoła Podstawowa im. Cypriana Godebskiego,school,20.92404095975562,52.15295773004943
Szkoła Podstawowa nr 158 imienia Jana Kilińskiego,school,21.0049200662213,52.251636079485856
Szkoła Podstawowa nr 20 im. Jana Gutenberga Fundacji Szkolnej,school,21.00033294763944,52.17210658992381
"Szkoła Podstawowa nr 41 im. Żołnierzy AK Grupy Bojowej ""Krybar""",school,21.025681426351763,52.24006185318249
"Szkoła Podstawowa z Oddziałami Integracyjnymi nr 247 im. Kazimierza Lisieckiego ""Dziadka""",school,20.937582637985443,52.289282286283914
Szkoła Podstawowa nr 168 im. Czesława Niemena,school,21.065654113576297,52.232583008790044
Szkoła Podstawowa nr 84 im. Waleriana Łukasińskiego,school,21.07195953794782,52.28443073072142
Szkoła Podstawowa nr 52 im. Macieja Aleksego Dawidowskiego “Alka”,school,21.057491740479833,52.28083393046299
Szkoła Podstawowa nr 97 im. Polskich Noblistek,school,20.983287989476846,52.221854375476035
Szkoła Podstawowa nr 1 imienia Bolesława Prusa,school,21.156431576318955,52.30277961543399
Szkoła Podstawowa nr 58 im. Tadeusza Gajcego,school,21.068365085263252,52.26755519378562
Szkoła Podstawowa nr 77 im. Wandy Chotomskiej,school,20.92002325345926,52.31074613960903
Szkoła Podstawowa nr 147,school,20.97692581096713,52.23649725732086
Szkoła Podstawowa nr 368 im. Polskich Olimpijczyków,school,21.03810317613979,52.32714685294804
Szkoła Podstawowa nr 273 im. dr. Aleksandra Landy,school,20.87734213344141,52.287587959683385
Szkoła Podstawowa nr 212 im. Krystyny Krahelskiej,school,21.048822076697135,52.18314300111587
"Szkoła Podstawowa Nr 2 im. Żołnierzy AK II rejonu ""Celków""",school,21.1040841781769,52.317254122068796
Szkoła Podstawowa Nr 25 im. Komisji Edukacji Narodowej,school,20.99523029210339,52.234956658203956
Szkoła Podstawowa nr 357,school,20.91642025776305,52.26022347516195
Szkoła Podstawowa nr 1 im. Kornela Makuszyńskiego,school,21.098624974195296,52.32386459020805
Szkoła Podstawowa nr 364 im. Konstancji Markiewicz,school,20.92864604018105,52.25117512482632
Szkoła Podstawowa nr 382 im. Warszawskich Dzieci,school,20.895052146503364,52.19478409671227
Szkoła Podstawowa nr 81 im. Juliana Ursyna Niemcewicza,school,21.024611220016066,52.1578431992555
Szkoła Podstawowa Nr 3 im. Małego Powstańca w Ząbkach,school,21.126728645048953,52.277545555489304
Szkoła Podstawowa nr 204 im. 19 Pułku Ułanów Wołyńskich,school,21.175962995624396,52.188173580213004
Publiczna Katolicka Szkoła Podstawowa im. ks. Jana Twardowskiego w Ząbkach,school,21.104414427483164,52.29831479793055
"Niepubliczna Szkoła Podstawowa ""International Trilingual School Of Warsaw""",school,21.059875925187637,52.23366888164695
Szkoła Podstawowa im. Włodzimierza Potockiego w Sękocinie,school,20.890361064128626,52.10399086368657
Szkoła Podstawowa nr 166 im. Żwirki i Wigury,school,20.973930513547028,52.24011838126553
Szkoła Podstawowa Nr 86,school,21.144007371066156,52.218962273978974
Szkoła Podstawowa nr 358 im. hetmana Jana Zamoyskiego,school,21.068683670571936,52.15598507990648
Szkoła Podstawowa nr 2 im. Mikołaja Kopernika w Zielonce,school,21.152396504557586,52.31360513470819
Społeczna Szkoła Podstawowa nr 10,school,21.111791303826564,52.23539274520585
Szkoła Podstawowa im. A. Einsteina,school,21.064170617538647,52.1574731058858
Szkoła Podstawowa nr 351 im. Bolesława Prusa,school,20.936238248292916,52.235452198892
Szkoła Podstawowa nr 396,school,20.971765555275677,52.26120045794842
Niepubliczna Integracyjna Szkoła Podstawowa,school,21.005390409105733,52.0999103026422
Szkoła Podstawowa im. Polskich Olimpijczyków w Mysiadle - Klasy 0 i 1,school,21.001938306705284,52.10097053576573
Szkoła Podstawowa im. Księcia Józefa Poniatowskiego w Ładach,school,20.96191655987679,52.1265345495914
Szkoła Podstawowa im. Św. Franciszka,school,21.046940872575956,52.20063278235698
Szkoła Podstawowa nr 400 im. Marii Skłodowskiej-Curie,school,21.066046071223827,52.163833664837895
Szkoła Podstawowa w Zamieniu,school,20.96515210975828,52.112825350407505
Szkoła Podstawowa nr 398,school,21.0507702753799,52.28201621076153
"Szkoła Podstawowa nr 336 im. Janka Bytnara ""Rudego""",school,21.05612452311057,52.135940101241744
Szkoła Podstawowa nr 384 im. Stanisława Staszica,school,21.02066582221288,52.13069106146423
Szkoła Podstawowa nr 118 im. Przyjaciół Mazowsza,school,20.976912416938667,52.30246531065185
Prywatna Szkoła Podstawowa Nr 63 im. Wisławy Szymborskiej w Warszawie,school,21.16577357914923,52.161251721883275
Szkoła Podstawowa nr 231 im. gen. Mariusza Zaruskiego,school,21.034111051168825,52.31648322409626
Szkoła Podstawowa Nr 404,school,21.143340277823103,52.18477163210714
Szkoła Podstawowa nr 221 im. Barbary Bronisławy Czarnowskiej,school,20.98681686896395,52.23866481004786
Szkoła Podstawowa Nr 6 im. Małgorzaty Dydek w Ząbkach,school,21.123860959014163,52.281132812345625
Szkoła Podstawowa nr 103 im. Bohaterów Warszawy,school,21.070939627290034,52.187501115628166
Szkoła Podstawowa nr 399,school,21.07311045005582,52.12842472537558
Szkoła Podstawowa Zakonu Pijarów im. o. Onufrego Kopczyńskiego,school,21.08218111164895,52.207186269139434
Szkoła Podstawowa Nr 218,school,21.164411986593354,52.220924556792404
Szkoła Podstawowa z Oddziałami Integracyjnymi nr 189,school,21.16397523088639,52.25295891277798
Szkoła Podstawowa nr 342 z Oddziałami Integracyjnymi im. Jana Marcina Szancera (filia),school,20.953042247364255,52.33271937463901
"Niepubliczna Szkoła Podstawowa ""Europejska Szkoła Przyszłości""",school,21.030343980254752,52.31106115341121
La Fontaine Polsko-Francuska Niepubliczna Szkoła Podstawowa,school,21.067713485816647,52.1729417846965
Publiczna Szkoła Podstawowa Społecznego Towarzystwa Oświatowego,school,21.170491760909247,52.26584920112547
Szkoła Podstawowa nr 376,school,21.177218123751015,52.258770641576774
Szkoła Podstawowa nr 217 z Oddziałami Integracyjnymi,school,21.156098257482927,52.26314587385584
Szkoła Podstawowa Sióstr Felicjanek Nr 28,school,21.153889447739015,52.23717795806152
Szkoła Podstawowa Aurus,school,21.013611472852432,52.15330081545253
Szkoła Podstawowa nr 128 im. Marii Skłodowskiej-Curie w Warszawie,school,21.11023900529239,52.21322477044726
Szkoła Podstawowa Specjalna Nr 244,school,21.191907179168197,52.213782698005794
Szkoła Podstawowa nr 191 im. Józefa Ignacego Kraszewskiego,school,21.00574059858196,52.16817950538302
Społeczna Szkoła Podstawowa nr 4 im. Wł. Grabskiego STO w Warszawie,school,20.889163071288387,52.19829801818185
Niepubliczna Szkoła Podstawowa „Nasza Szkoła” im. Janusza Korczaka,school,20.98007451269206,52.313645775428014
Szkoła Podstawowa nr 85 im. Benito Juareza,school,21.01870645091829,52.2072918634689
Szkoła Podstawowa nr 362 im. Tadeusza Kotarbińskiego,school,20.910752486855934,52.2355343330399
Społeczna Szkoła Podstawowa nr 2 im. Polskich Matematyków Zwycięzców Enigmy,school,20.96923926726961,52.33074052505262
Szkoła Podstawowa nr 112 z Oddziałami Integracyjnymi,school,21.050151161369296,52.32103596345298
Szkoła Podstawowa nr 402,school,21.097482913967156,52.231468745920296
Szkoła Podstawowa nr 11 im. Żołnierzy I Dywizji Kościuszkowskiej,school,20.86829067809552,52.19663787831879
Prywatna Szkoła Podstawowa Nr 51 im. Jana Brzechwy,school,20.96526797591458,52.20021990851251
Szkoła Podstawowa nr 152 im. Marii Dąbrowskiej w Warszawie,school,20.968281669510027,52.20488882525009
Szkoła Podstawowa Specjalna nr 177 im. Marii Konopnickiej,school,20.967569746144115,52.21169317038612
Szkoła Podstawowa nr 26 im. Mirosława Biernackiego,school,20.99169194581274,52.22876926233271
Szkoła Podstawowa Nr 138 z Oddziałami Integracyjnymi,school,21.180798526838583,52.20277218627699
Szkoła Podstawowa Niepubliczna Przy Fundacji Pomocy Ludziom z Niepełnosprawnościami,school,21.12452942158095,52.20037639503086
Szkoła Podstawowa Nr 3 im. Janusza Korczaka,school,21.15669915811277,52.29662938677076
Nowatorska Szkoła Podstawowa,school,21.020907343077475,52.13215154592106
Społeczna Szkoła Podstawowa nr 16,school,20.99573351322699,52.24167833912038
Szkoła Podstawowa nr 150,school,20.90187179138519,52.26075055974015
Prywatna Szkoła Podstawowa,school,21.16685696199061,52.25749470576924
Dwujęzyczna Społeczna Szkoła Podstawowa nr 5,school,21.057165391826402,52.228848394228706
"Niepubliczna Szkoła Podstawowa ""Trampoline""",school,21.05206953575683,52.23316372917958
Szkoła Podstawowa Specjalna nr 240,school,21.072105339729372,52.24859248899051
Prywatna Szkoła Podstawowa nr 114,school,21.10315899531114,52.24557930440185
"Niepubliczna Szkoła Podstawowa ""International Trilingual School Of Warsaw""",school,21.055179109119813,52.23431070308466
Szkoła Podstawowa nr 258,school,21.032332152839622,52.259449618644254
Szkoła Podstawowa nr 275,school,21.023973068610665,52.293649378726464
Niepubliczna Szkoła Podstawowa im. Juliusza Verne'a,school,20.955375873002076,52.28586775713734
Szkoła Podstawowa nr 395,school,21.030560995994513,52.25037633460211
Dwujęzyczna Szkoła Podstawowa w Łomiankach,school,20.880117490287,52.342719309071114
Szkoła Podstawowa nr 61,school,20.973998969327305,52.21534706888321
Szkoła Otwarta - Niepubliczna Szkoła Podstawowa w Warszawie,school,21.05575787313414,52.2286889425097
Waldorfska Szkoła Podstawowa,school,20.98443535617129,52.24188239154465
Niepubliczna Szkoła Podstawowa nr 48,school,21.162987970017195,52.31783780378063
Społeczna Szkoła Podstawowa nr 26,school,21.02566889386372,52.19877624212952
Szkoła Podstawowa Mikroszkoła Włochy,school,20.931747020532075,52.20919830516676
"Niepubliczna Polsko-Angielska Szkoła Podstawowa ""Vancouver Schools""",school,20.912860898981524,52.210289505957746
Warsaw Bilingual School Dwujęzyczna Szkoła Podstawowa im. prof. Władysława Bartoszewskiego,school,20.965700665706006,52.191317693376526
Niepubliczna Szkoła Podstawowa z Oddziałami Dwujęzycznymi H2H,school,20.909504883432714,52.19319355986368
Szkoła Podstawowa nr 157 im. Adama Mickiewicza,school,21.018636043604573,52.19990013822543
Szkoła Podstawowa Nr 340 im. Profesora Bogusława Molskiego,school,21.062921617016176,52.13974783043381
Szkoła Podstawowa z Oddziałami Integracyjnymi nr 330 im. Nauczycieli Tajnego Nauczania,school,21.060279054866477,52.14540924592021
"Szkoła Podstawowa nr 336 im. Janka Bytnara ""Rudego""",school,21.04887344596243,52.1396227572893
Szkoła Podstawowa nr 185 im. UNICEF,school,21.087256447353404,52.224914794861206
Szkoła Podstawowa nr 303 im. Fryderyka Chopina,school,21.030593472430493,52.16474300929841
Szkoła Podstawowa nr 319 im. Marii Kann,school,21.032986658193465,52.16087884018417
Szkoła Podstawowa nr 303 im. Fryderyka Chopina,school,21.030137249819234,52.16309320931137
Szkoła Podstawowa z Oddziałami Integracyjnymi nr 343 im. Matki Teresy Z Kalkuty,school,21.053661045790246,52.15658096565073
Szkoła Podstawowa nr 312 im. Ewy Szelburg-Zarembiny,school,21.10047165177661,52.227351479117296
Szkoła Podstawowa Integracyjna nr 339 im. Raoula Wallenberga,school,21.049418629357795,52.17724238435823
Szkoła Podstawowa nr 307 im. Króla Jana III Sobieskiego,school,21.055205927083687,52.17650304083558
Szkoła Podstawowa nr 322 im. Jana Brzechwy,school,21.032130530264894,52.151583980646954
Szkoła Podstawowa nr 255 im. Cypriana Kamila Norwida,school,21.065157627418078,52.24700345513245
Szkoła Podstawowa nr 141 im. majora Henryka Sucharskiego,school,21.095304771985788,52.248306335151184
Szkoła Podstawowa nr 323 im. Polskich Olimpijczyków,school,21.04016572116171,52.14394576995469
Szkoła Podstawowa nr 60 im. Powstania Listopadowego,school,21.07251035460139,52.24393130504996
Szkoła Podstawowa nr 23 imienia Edwarda Szymańskiego,school,20.992916456304243,52.2171398238237
Szkoła Podstawowa Specjalna nr 327 im. dr Anny Lechowicz,school,20.977087048773456,52.21647552299826
Niepubliczna Szkoła Podstawowa nr 81,school,21.000625825856226,52.21952499490829
Szkoła Podstawowa nr 163,school,21.105306394726185,52.23750217606934
Szkoła Podstawowa nr 246 im. Tadeusza Kościuszki,school,21.092931375262307,52.23787817718175
Szkoła Podstawowa nr 323 im. Polskich Olimpijczyków,school,21.04689796076219,52.144809321677016
"Szkoła Podstawowa nr 377 im. mjr. Henryka Dobrzańskiego ""Hubala""",school,21.06079095563487,52.2745165591362
Szkoła Podstawowa nr 143 im. Stefana Starzyńskiego,school,21.063968719401778,52.22949502546202
Szkoła Podstawowa nr 211 im. Janusza Korczaka,school,21.01877953180287,52.23207349827324
Szkoła Podstawowa nr 312 im. Ewy Szelburg-Zarembiny,school,21.09810703806641,52.22602414136096
Szkoła Podstawowa nr 374,school,21.108634204483987,52.24740388919091
Szkoła Podstawowa nr 203,school,21.017088314406557,52.22608485751422
Szkoła Podstawowa nr 271 im. 11 Listopada,school,21.008763565999278,52.17381158228288
Szkoła Podstawowa nr 373 im. Ignacego Jana Paderewskiego,school,21.058097453004894,52.23755629781598
Szkoła Podstawowa nr 120 z Oddziałami Integracyjnymi,school,21.07930085556629,52.24036465706845
Szkoła Podstawowa nr 175 im. Heleny Marusarzówny,school,20.96649359758708,52.20850731820112
Szkoła Podstawowa nr 48 im. Adama Próchnika,school,21.02059969906501,52.21900269276039
Szkoła Podstawowa nr 115 im. Wandy Turowskiej,school,21.064226795638355,52.18323935073007
Szkoła Podstawowa nr 401,school,21.106335380897406,52.23605502161884
Szkoła Podstawowa nr 318 im. Jana Christiana Andersena,school,21.047171801685185,52.15231831977281
Szkoła Podstawowa Nr 387 im. Szarych Szeregów,school,20.977604862676834,52.22817469930023
Szkoła Podstawowa nr 215 im. Piotra Wysockiego,school,21.112886619162303,52.243980827175555
Szkoła Podstawowa nr 32 z Oddziałami Integracyjnymi im. Małego Powstańca,school,20.990135669527604,52.25132909418846
"Szkoła Podstawowa z Oddziałami Integracyjnymi nr 87 im. 7 PP AK ""Garłuch""",school,20.93976012265673,52.17697170779902
Szkoła Podstawowa nr 103,school,21.062685063837673,52.19059400795274
Szkoła Podstawowa nr 220 im. Stanisława Kopczyńskiego,school,20.998375095349925,52.2373470249376
Szkoła Podstawowa nr 46 im. Stefana Starzyńskiego,school,21.028473261192975,52.17269924047678
Szkoła Podstawowa nr 10 im. Grzegorza Piramowicza,school,20.981048925510628,52.20101809978385
Szkoła Podstawowa Integracyjna nr 317 im. Edmunda Bojanowskiego,school,20.947177248312624,52.24311086178473
Szkoła Podstawowa nr 225 im. Józefa Gardeckiego,school,20.93931754292197,52.241974182578076
Szkoła Podstawowa z Oddziałami Integracyjnymi nr 82 im. Jana Pawła II,school,20.91879252670944,52.240557818796944
Szkoła Podstawowa nr 350 im. Armii Krajowej,school,20.903129745568574,52.230886183872435
Szkoła Podstawowa nr 66 im. ks. Juliana Chrościckiego,school,20.90068993480303,52.20421115257885
Szkoła Podstawowa z Oddziałami Integracyjnymi nr 14 im. Bohaterów Warszawy,school,20.890588416971802,52.18944740238985
Szkoła Podstawowa nr 381 im. Krzysztofa Kamila Baczyńskiego,school,20.88753436757125,52.18716767575588
Szkoła Podstawowa nr 75 im. Marii Konopnickiej,school,21.007426785270393,52.242262658503684
Szkoła Podstawowa nr 397 im. Bohaterów Olszynki Grochowskiej,school,21.068798713882067,52.227346313621865
Szkoła Podstawowa Integracyjna nr 135 im. Marii Kownackiej,school,21.080921783895263,52.22916957465666
"Szkoła Podstawowa nr 279 im. Batalionów AK ""Gustaw"" I ""Harnaś""",school,21.079570982082096,52.23150158632028
Szkoła Podstawowa nr 119 im. 3 Berlińskiego Pułku Piechoty,school,21.005343505648195,52.19038270223371
Szkoła Podstawowa nr 202 im. 34 Pułku Strzelców Budziszyńskich,school,21.006439894705956,52.192187640286036
Szkoła Podstawowa nr 88 im. Gabriela Narutowicza,school,20.965798777263807,52.192373285019805
Szkoła Podstawowa nr 72 im. Przyjaciół Grochowa,school,21.082014444828133,52.24961330448955
Szkoła Podstawowa nr 139 imienia Ludwiki Wawrzyńskiej,school,20.9619015304123,52.234171643534374
Szkoła Podstawowa nr 306 im. ks. Jana Twardowskiego,school,20.90615033979868,52.22271334038074
Szkoła Podstawowa nr 363 im. prof. Witolda Doroszewskiego,school,20.901792651582188,52.22322047463576
Szkoła Podstawowa im. Jana Pawła II,school,20.889523683034373,52.16774983674768
Szkoła Podstawowa nr 319 im. Marii Kann,school,21.039404309648784,52.157734169651455
Szkoła Podstawowa nr 313 im. Polskich Odkrywców,school,21.025151325142108,52.154208611821964
Szkoła Podstawowa nr 221 im. Barbary Bronisławy Czarnowskiej,school,20.989278336604276,52.236061259969844
Szkoła Podstawowa nr 209 im. Hanki Ordonówny,school,20.939364167468234,52.28347430589217
Szkoła Podstawowa z Oddziałami Integracyjnymi nr 223 im. Partyzantów Ziemi Kieleckiej,school,20.942044611201702,52.28433109041329
Szkoła Podstawowa nr 53 im. Mariusza Zaruskiego,school,20.974095349191312,52.280609434353224
Szkoła Podstawowa nr 100 im. Płk. Francesco Nullo,school,21.016224082478146,52.1465326015251
Szkoła Podstawowa nr 190 im. Orła Białego,school,21.051021185668272,52.209409489584345
Szkoła Podstawowa nr 68 im. Artura Oppmana,school,20.983953204334487,52.26232659746098
Szkoła Podstawowa nr 267 im. Juliusza Słowackiego,school,20.968928400283904,52.26646319734889
Szkoła Podstawowa nr 321,school,20.92040466649654,52.25219913688115
Szkoła Podstawowa Nr 169 im. Orła Białego,school,21.091735661499598,52.15711454143148
Szkoła Podstawowa Nr 261 i XXXVIII Liceum Ogólnokształcące im. Stanisława Kostki Potockiego,school,21.08586656392828,52.16876912321579
Szkoła Podstawowa Niepubliczna im. Wiktorii Wiedeńskiej,school,21.087748636866998,52.167219928500856
Szkoła Podstawowa nr 227 im. Lotników Polskich,school,20.973087159597753,52.18458088383697
Społeczna Szkoła Podstawowa nr 30 STO,school,20.97393555156769,52.182699176434454
Szkoła Podstawowa nr 280 im. Tytusa Chałubinskiego,school,20.978385066254177,52.19502388291495
Szkoła Podstawowa nr 310 im. Michała Byliny,school,21.04155857073707,52.14898017089105
Szkoła Podstawowa z Oddziałami Integracyjnymi nr 214 im. Henryka Jerzego Chmielewskiego,school,20.947855612806563,52.2740646538762
Szkoła Podstawowa nr 352 im. Jerzego Huberta Wagnera,school,20.92955642074448,52.27234503991434
Szkoła Podstawowa nr 80 im. Marii Kownackiej,school,20.931531014368698,52.27581146252123
Szkoła Podstawowa nr 293 im. Jana Kochanowskiego,school,20.954152841222815,52.26709907953228
Szkoła Podstawowa nr 210 im. Bohaterów Pawiaka,school,20.99184023731452,52.246865778045276
Szkoła Podstawowa nr 222 im. Jana Brzechwy,school,20.979067758141404,52.24556877474669
Szkoła Podstawowa nr 32 z Oddziałami Integracyjnymi im. Małego Powstańca,school,20.993877747844625,52.25258441304883
Szkoła Podstawowa nr 132 im. Sándora Petőfiego,school,20.95330276477654,52.228444199084244
Szkoła Podstawowa nr 383 im. Księdza Stefana Kardynała Wyszyńskiego,school,20.861210630363736,52.19360409991248
Szkoła Podstawowa im. Cypriana Godebskiego,school,20.922677032002085,52.15441206219529
Szkoła Podstawowa Sportowa nr 272 im. Eugeniusza Lokajskiego,school,21.03360206489619,52.19830502136143
Szkoła Podstawowa nr 1 im. Marii Kownackiej,school,20.89453332793117,52.337027863300364
Szkoła Podstawowa im. Marii Konopnickiej,school,20.857067377472397,52.34821983915226
Szkoła Podstawowa nr 4 im. Władysława Broniewskiego,school,20.89565704814761,52.19283269460785
Szkoła Podstawowa nr 234 im. Juliana Tuwima,school,20.979663008536196,52.24388356613524
Szkoła Podstawowa Nr 195,school,21.142598633307376,52.23867110453685
Szkoła Podstawowa z Oddziałami Integracyjnymi nr 154 im. Edmunda Strzeleckiego,school,20.945032948565583,52.337906494828694
Szkoła Podstawowa nr 365 im. Wojciecha Zawadzkiego,school,20.973738485233497,52.31212719384733
Szkoła Podstawowa nr 257 im. Profesora Mariana Falskiego,school,20.974069824475084,52.326369673071675
Szkoła Podstawowa nr 110 im. Kazimierza Jeżewskiego,school,20.99345913102845,52.34055063842378
Szkoła Podstawowa nr 118 imienia Przyjaciół Mazowsza,school,20.980963152449295,52.305598640709306
Szkoła Podstawowa nr 172,school,21.190801670432567,52.239101335264024
Szkoła Podstawowa nr 70 im. Bohaterów Monte Cassino,school,21.001961607569893,52.2083962407708
Szkoła Podstawowa nr 4 w Zielonce,school,21.158107845270536,52.31039400439634
Szkoła Podstawowa nr 63 im. Zawiszy Czarnego,school,20.9666614482712,52.23811368499377
Szkoła Podstawowa nr 1 im. Gustawa Morcinka,school,21.011337179172678,52.223453782609944
Szkoła Podstawowa z Oddziałami Integracyjnymi nr 2 im. Jana Pawła II,school,20.869003207720095,52.20084007972021
Szkoła Podstawowa nr 94 im. I Marszałka Polski Józefa Piłsudskiego,school,20.92432391582857,52.201972918298715
Prywatna Szkoła Podstawowa Nr 92,school,21.162009153846675,52.20981868067901
Szkoła Podstawowa Nr 1 im. Stanisława Staszica,school,20.854808417612574,52.18378139439848
Szkoła Podstawowa z Oddziałami Integracyjnymi nr 73,school,21.039074581744867,52.253886244048275
Szkoła Podstawowa z Oddziałami Integracyjnymi nr 30,school,21.049882040196486,52.25505633354153
Szkoła Podstawowa nr 50,school,21.036161509092302,52.25001602901248
Szkoła Podstawowa nr 28 im. Stefana Żeromskiego,school,21.04546672242661,52.274140689371094
Szkoła Podstawowa nr 114 im. Jędrzeja Cierniaka,school,21.054103218067844,52.27230067295611
Szkoła Podstawowa Specjalna nr 167,school,21.05885021047596,52.184395610692924
Szkoła Podstawowa nr 264 im. Gabrieli Mistral,school,20.972626353416064,52.203182024119116
Prywatna Szkoła Podstawowa nr 62 im. Joanny Kolasińskiej,school,21.02019470158683,52.29388541696489
Szkoła Podstawowa Niepubliczna nr 38 z Oddziałamii Integracyjnymi im. Ireny Sendlerowej,school,21.020659724057666,52.29402793832701
Szkoła Podstawowa nr 16 im. Tony Halika,school,21.058039701103496,52.128586064869005
Niepuliczna Szkoła Podstawowa i Niepubliczne Liceum Ogólnokształcące Ad Astra,school,21.10611793440619,52.325998973506266
Szkoła Podstawowa nr 378 im. Ignacego Jana Paderewskiego,school,21.02965193036149,52.28741356383592
Szkoła Podstawowa nr 238 im. Christo Botewa,school,20.9401720261429,52.23371555538614
Szkoła Podstawowa z Oddziałami Integracyjnymi nr 112,school,21.067035100960922,52.327179062572846
Szkoła Podstawowa nr 12 im. Powstańców Śląskich,school,21.029091167740138,52.223992512465145
Szkoła Podstawowa nr 394,school,21.008319525248528,52.19349372639399
Szkoła Podstawowa nr 388 im. Jana Pawła II,school,20.947348733526013,52.24224425502462
Szkoła Podstawowa nr 92 im. Jana Brzechwy,school,20.964227042075485,52.26488694628449
Szkoła Podstawowa nr 146 im. Janusza Korczaka,school,21.010187333657854,52.18261108656967
Szkoła Podstawowa z Oddziałami Integracyjnymi nr 354,school,21.05736293970047,52.25932894772739
Szkoła Podstawowa nr 127,school,21.041585553201315,52.26310651514364
Szkoła Podstawowa nr 33 im. Wojsk Obrony Powietrznej Kraju,school,21.027649050991222,52.18407245798929
Szkoła Podstawowa im. Polskich Olimpijczyków w Mysiadle,school,21.00413953124136,52.10273315663751
Szkoła Podstawowa nr 29 im. Giuseppe Garibaldiego,school,21.03850857395927,52.224001264956314
Szkoła Podstawowa nr 355 im. Jana Wedla,school,20.961287015933987,52.32089383278848
"Szkoła Podstawowa nr 392 im. Jana Bytnara ps. ""Rudy""",school,20.995497730473573,52.263014010594844
Szkoła Podstawowa nr 2 im. Jana Kochanowskiego,school,21.109430658740784,52.293328827621
Szkoła Podstawowa Nr 5 im. bł. ks. Jerzego Popiełuszki,school,21.10292727468617,52.294201706288455
Szkoła Podstawowa nr 1 im. Generała Franciszka Kleeberga,school,21.11010325764796,52.286817313314785
Szkoła Podstawowa Nr 4 im. św. Jana Pawła II,school,21.112253586339353,52.28648295473692
Szkoła Podstawowa nr 356 im. Ryszarda Kaczorowskiego,school,21.067847844104175,52.311609990595564
Szkoła Podstawowa nr 140 im. Kazimierza Jeżewskiego,school,21.193863316417257,52.18622279823221
Społeczna Szkoła Podstawowa nr 14 im. Dzieci Zjednoczonej Europy S.T.O.,school,21.004540520217084,52.19381489856731
Szkoła Podstawowa nr 69 im. Marii Skłodowskiej-Curie,school,21.009985267108494,52.198035708108684
Szkoła Podstawowa Nr 109,school,21.133736055923457,52.197981110005216
Szkoła Podstawowa nr 289 im. Henryka Sienkiewicza,school,20.93838018625349,52.27205277205499
Szkoła Podstawowa nr 277 im. Elizy Orzeszkowej,school,21.037986306202246,52.295287996697695
Szkoła Podstawowa nr 285 im. Jana Marcina Szancera,school,21.040765706784104,52.29827052876981
Szkoła Podstawowa nr 3 im. Pomnik Zwycięstwa 1920 r.,school,21.113293524751825,52.340219894896855
Szkoła Podstawowa nr 187 im. Adama Mickiewicza,school,20.956729827985217,52.27384443984236
Szkoła Podstawowa nr 133 im. Stefana Czarnieckiego,school,20.94934836343923,52.278379544702545
"Szkoła Podstawowa nr 391 im. Macieja Aleksego Dawidowskiego ps. ""Alek""",school,20.98334856754305,52.26878950148469
Szkoła Podstawowa Specjalna nr 123,school,20.99068839906899,52.268144127326785
Szkoła Podstawowa z Oddziałami Integracyjnymi nr 341 im. Twórców Literatury Dziecięcej,school,20.92634590310277,52.25899533236098
Szkoła Podstawowa nr 98 im. Lucy Maud Montgomery,school,21.0275709389068,52.20521388790166
Szkoła Podstawowa nr 65 im. Władysława Orkana,school,20.984867658349295,52.27568759170698
Szkoła Podstawowa nr 205 im. Żołnierzy Powstania Warszawskiego,school,20.996431679264997,52.19143276661097
Szkoła Podstawowa nr 273 im. dr. Aleksandra Landy,school,20.933903359365548,52.29238662715239
Szkoła Podstawowa nr 6,school,21.16487107268678,52.10161299753575
Szkoła Podstawowa nr 148 im. Hugona Kołłątaja,school,20.950516600078107,52.2458381788631
Szkoła Podstawowa nr 298,school,21.025282935051425,52.29145914092522
Szkoła Podstawowa nr 42 im. Konstantego Ildefonsa Gałczyńskiego,school,21.037969350643653,52.285964814730086
Szkoła Podstawowa nr 157 im. Adama Mickiewicza w Warszawie,school,21.02190541519004,52.1936822338374
Kanadyjska Szkoła Podstawowa nr 84,school,20.99874787150236,52.19164556395745
Szkoła Podstawowa nr 369 im. Antoniego Bolesława Dobrowolskiego,school,20.94064654104342,52.27634839076119
Szkoła Podstawowa nr 263 im. Powstańców Wielkopolskich,school,20.942956989892927,52.29129138192391
Szkoła Podstawowa im. Cypriana Godebskiego,school,20.92401463422071,52.152968528456206
Szkoła Podstawowa nr 158 imienia Jana Kilińskiego,school,21.004932727806622,52.25163947103987
Szkoła Podstawowa nr 20 im. Jana Gutenberga Fundacji Szkolnej,school,21.00033245985752,52.17210634979721
"Szkoła Podstawowa nr 41 im. Żołnierzy AK Grupy Bojowej ""Krybar""",school,21.02568007308356,52.240062114132584
"Szkoła Podstawowa z Oddziałami Integracyjnymi nr 247 im. Kazimierza Lisieckiego ""Dziadka""",school,20.9376276364626,52.28928771517098
Szkoła Podstawowa nr 168 im. Czesława Niemena,school,21.065620665426135,52.23258012374688
Szkoła Podstawowa nr 84 im. Waleriana Łukasińskiego,school,21.071959117445513,52.28441507026869
Szkoła Podstawowa nr 52 im. Macieja Aleksego Dawidowskiego “Alka”,school,21.057478962921753,52.28083986636037
Szkoła Podstawowa nr 97 im. Polskich Noblistek,school,20.98324843259716,52.2218925748999
Szkoła Podstawowa nr 1 imienia Bolesława Prusa,school,21.156507567874716,52.302791883606346
Szkoła Podstawowa nr 58 im. Tadeusza Gajcego,school,21.068333857831863,52.26757448613929
Szkoła Podstawowa nr 77 im. Wandy Chotomskiej,school,20.919926541364983,52.3107299734023
Szkoła Podstawowa nr 147,school,20.976920929032364,52.23648460150653
Szkoła Podstawowa nr 368 im. Polskich Olimpijczyków,school,21.037951126285144,52.32716429529463
Szkoła Podstawowa nr 273 im. dr. Aleksandra Landy,school,20.877331562950143,52.2875819989783
Szkoła Podstawowa nr 212 im. Krystyny Krahelskiej,school,21.048872401892222,52.18313853973626
"Szkoła Podstawowa Nr 2 im. Żołnierzy AK II rejonu ""Celków""",school,21.104091083110358,52.317255491103126
Szkoła Podstawowa Nr 25 im. Komisji Edukacji Narodowej,school,20.99519200923791,52.23493888886328
Szkoła Podstawowa nr 357,school,20.916421528100678,52.26023509450913
Szkoła Podstawowa nr 1 im. Kornela Makuszyńskiego,school,21.098623100777694,52.32386168403428
Szkoła Podstawowa nr 364 im. Konstancji Markiewicz,school,20.928717338060288,52.25116557130133
Szkoła Podstawowa nr 382 im. Warszawskich Dzieci,school,20.895073547591437,52.19479327599546
Szkoła Podstawowa nr 81 im. Juliana Ursyna Niemcewicza,school,21.02457828422466,52.15783351401894
Szkoła Podstawowa Nr 3 im. Małego Powstańca w Ząbkach,school,21.126730183040774,52.27754449103178
Szkoła Podstawowa nr 204 im. 19 Pułku Ułanów Wołyńskich,school,21.175954594925866,52.188170939934764
Publiczna Katolicka Szkoła Podstawowa im. ks. Jana Twardowskiego w Ząbkach,school,21.104469709186883,52.298314284714316
"Niepubliczna Szkoła Podstawowa ""International Trilingual School Of Warsaw""",school,21.059873339409574,52.23366802130516
Szkoła Podstawowa im. Włodzimierza Potockiego w Sękocinie,school,20.89036038589562,52.10399094821095
Szkoła Podstawowa nr 166 im. Żwirki i Wigury,school,20.973937973428157,52.2401097156724
Szkoła Podstawowa Nr 86,school,21.143964374518212,52.218934425280864
Szkoła Podstawowa nr 358 im. hetmana Jana Zamoyskiego,school,21.06870299714915,52.156003652056455
Szkoła Podstawowa nr 2 im. Mikołaja Kopernika w Zielonce,school,21.152263524580377,52.313624676037655
Społeczna Szkoła Podstawowa nr 10,school,21.111791199243182,52.23539261024385
Szkoła Podstawowa im. A. Einsteina,school,21.064175628496624,52.15747589161292
Szkoła Podstawowa nr 351 im. Bolesława Prusa,school,20.93624879810044,52.23543070513996
Szkoła Podstawowa nr 396,school,20.971801724583926,52.26116905345537
Niepubliczna Integracyjna Szkoła Podstawowa,school,21.00540350818081,52.099916958356815
Szkoła Podstawowa im. Polskich Olimpijczyków w Mysiadle - Klasy 0 i 1,school,21.00193840393783,52.100970395574564
Szkoła Podstawowa im. Księcia Józefa Poniatowskiego w Ładach,school,20.961956583325787,52.12676964940574
Szkoła Podstawowa im. Św. Franciszka,school,21.046984508786217,52.200653559593455
Szkoła Podstawowa nr 400 im. Marii Skłodowskiej-Curie,school,21.065936320325534,52.16382282361856
Szkoła Podstawowa w Zamieniu,school,20.96518689145483,52.112835257985935
Szkoła Podstawowa nr 398,school,21.050774728660617,52.28201550539284
"Szkoła Podstawowa nr 336 im. Janka Bytnara ""Rudego""",school,21.05616277746826,52.13585963339606
Szkoła Podstawowa nr 384 im. Stanisława Staszica,school,21.020708879774407,52.13074372729766
Szkoła Podstawowa nr 118 im. Przyjaciół Mazowsza,school,20.97691179423065,52.30246928412369
Prywatna Szkoła Podstawowa Nr 63 im. Wisławy Szymborskiej w Warszawie,school,21.165743898021383,52.16124671467859
Szkoła Podstawowa nr 361 im. Papcia Chmiela,school,21.057720480141,52.34412437518205
Szkoła Podstawowa nr 231 im. gen. Mariusza Zaruskiego,school,21.034111688499237,52.31648303073594
Szkoła Podstawowa Nr 404,school,21.14334512098411,52.18481382259877
Szkoła Podstawowa nr 221 im. Barbary Bronisławy Czarnowskiej,school,20.986820433697844,52.238654961958865
Szkoła Podstawowa Nr 6 im. Małgorzaty Dydek w Ząbkach,school,21.123849091746326,52.281141986098184
Szkoła Podstawowa nr 103 im. Bohaterów Warszawy,school,21.070942576320896,52.1874996713545
Szkoła Podstawowa nr 399,school,21.07310868645001,52.128425843491115
Szkoła Podstawowa Zakonu Pijarów im. o. Onufrego Kopczyńskiego,school,21.08224214026062,52.2071959457949
Szkoła Podstawowa Nr 218,school,21.16441467775262,52.220928215151645
Szkoła Podstawowa z Oddziałami Integracyjnymi nr 189,school,21.163976179723488,52.252956167722665
Szkoła Podstawowa nr 342 z Oddziałami Integracyjnymi im. Jana Marcina Szancera (filia),school,20.95303582535183,52.33273682323276
"Niepubliczna Szkoła Podstawowa ""Europejska Szkoła Przyszłości""",school,21.030338462875807,52.31106143765657
Szkoła Podstawowa nr 403,school,20.93460348759552,52.223398034028705
La Fontaine Polsko-Francuska Niepubliczna Szkoła Podstawowa,school,21.067754020042848,52.17289756791966
Publiczna Szkoła Podstawowa Społecznego Towarzystwa Oświatowego,school,21.170512050777898,52.26587645434123
Szkoła Podstawowa nr 376,school,21.177225480647564,52.25877704316419
Szkoła Podstawowa nr 217 z Oddziałami Integracyjnymi,school,21.15609149445232,52.26313848416313
Szkoła Podstawowa Sióstr Felicjanek Nr 28,school,21.153836838741547,52.23716774944291
Szkoła Podstawowa Aurus,school,21.01361527360192,52.15329910140884
Szkoła Podstawowa nr 128 im. Marii Skłodowskiej-Curie w Warszawie,school,21.1102134486624,52.213230112381645
Szkoła Podstawowa Specjalna Nr 244,school,21.191923005275548,52.21375334031345
Szkoła Podstawowa nr 191 im. Józefa Ignacego Kraszewskiego,school,21.005748748266218,52.168169448532794
Społeczna Szkoła Podstawowa nr 4 im. Wł. Grabskiego STO w Warszawie,school,20.889163004554188,52.19829802914011
Niepubliczna Szkoła Podstawowa „Nasza Szkoła” im. Janusza Korczaka,school,20.980062192131456,52.31364465421025
Szkoła Podstawowa nr 85 im. Benito Juareza,school,21.018708279189465,52.20729171340979
Szkoła Podstawowa nr 362 im. Tadeusza Kotarbińskiego,school,20.91071567975536,52.23552075508354
Społeczna Szkoła Podstawowa nr 2 im. Polskich Matematyków Zwycięzców Enigmy,school,20.969240115123014,52.33074297839974
Szkoła Podstawowa nr 112 z Oddziałami Integracyjnymi,school,21.05014554918208,52.321037547968245
Szkoła Podstawowa nr 402,school,21.097470942436942,52.23148541358913
Szkoła Podstawowa nr 11 im. Żołnierzy I Dywizji Kościuszkowskiej,school,20.868208146743687,52.196638700876036
Prywatna Szkoła Podstawowa Nr 51 im. Jana Brzechwy,school,20.965260949007018,52.20022806666844
Szkoła Podstawowa nr 152 im. Marii Dąbrowskiej w Warszawie,school,20.96825451975842,52.20488490885932
Szkoła Podstawowa Specjalna nr 177 im. Marii Konopnickiej,school,20.96760404609418,52.21172022408803
Szkoła Podstawowa nr 26 im. Mirosława Biernackiego,school,20.991738085318218,52.22876158697085
Szkoła Podstawowa Nr 138 z Oddziałami Integracyjnymi,school,21.180769763949325,52.20276829339448
Szkoła Podstawowa Niepubliczna Przy Fundacji Pomocy Ludziom z Niepełnosprawnościami,school,21.12453562780365,52.200377187922655
Szkoła Podstawowa Nr 3 im. Janusza Korczaka,school,21.156725257663282,52.296661169747445
Nowatorska Szkoła Podstawowa,school,21.020907289829577,52.132151338499824
Społeczna Szkoła Podstawowa nr 16,school,20.99572795856207,52.24167883298959
Szkoła Podstawowa nr 150,school,20.901820079183047,52.2607387351019
Prywatna Szkoła Podstawowa,school,21.166855714680604,52.257494842256854
Dwujęzyczna Społeczna Szkoła Podstawowa nr 5,school,21.057165473355983,52.22884790784126
"Niepubliczna Szkoła Podstawowa ""Trampoline""",school,21.052079663880086,52.23315928531449
Szkoła Podstawowa Specjalna nr 240,school,21.072131234741327,52.24859924659252
Prywatna Szkoła Podstawowa nr 114,school,21.10316261551471,52.245581575958674
"Niepubliczna Szkoła Podstawowa ""International Trilingual School Of Warsaw""",school,21.05517737905896,52.234311489736825
Szkoła Podstawowa nr 258,school,21.032306657383707,52.25944206166419
Szkoła Podstawowa nr 275,school,21.023993185695886,52.29363241360379
Niepubliczna Szkoła Podstawowa im. Juliusza Verne'a,school,20.95537455980564,52.28586809352066
Szkoła Podstawowa nr 395,school,21.030558759798364,52.25037703123755
Dwujęzyczna Szkoła Podstawowa w Łomiankach,school,20.880117230194774,52.342719576605234
Szkoła Podstawowa nr 61,school,20.97399150503976,52.21533350057252
Szkoła Otwarta - Niepubliczna Szkoła Podstawowa w Warszawie,school,21.055753598022548,52.22869058009828
Waldorfska Szkoła Podstawowa,school,20.98443519362617,52.24188238476966
Szkoła Podstawowa nr 300 im. Wandy Rutkiewicz,school,21.069441429819104,52.17372593373656
Niepubliczna Szkoła Podstawowa nr 48,school,21.162990858159702,52.3178410616974
Społeczna Szkoła Podstawowa nr 26,school,21.02567248414014,52.19877777250497
Szkoła Podstawowa Mikroszkoła Włochy,school,20.931747089712996,52.20919833219466
"Niepubliczna Polsko-Angielska Szkoła Podstawowa ""Vancouver Schools""",school,20.912859657872456,52.21028732218059
Warsaw Bilingual School Dwujęzyczna Szkoła Podstawowa im. prof. Władysława Bartoszewskiego,school,20.965700491345398,52.1913176666637
Niepubliczna Szkoła Podstawowa z Oddziałami Dwujęzycznymi H2H,school,20.909496574252223,52.193191308008025
