name,power,man_made,longitude,latitude
,,,18.6292538,54.3368497
,,,18.7462406,54.3589065
,,,18.6831174,54.3633843
,,,18.6164677,54.4081806
,substation,,18.5798727,54.3033659
,,,18.5912418,54.354536
,,,18.4627219,54.4427717
,,,18.6627565,54.3532195
"Stacja Uzdatniania Wody ""Dolina Radości""",,water_works,18.5239067,54.3960482
,,,18.6477036,54.3057965
,substation,,18.6028604,54.3782843
,,,18.6255371,54.3964458
,,,18.6228307,54.396578
,,,18.4413735,54.3381214
,,,18.6346948,54.3792389
Kalinowa 12,substation,,18.5152153,54.3550504
,,,18.5539965,54.3433752
,,,18.4873781,54.3615016
,,,18.4710967,54.3866069
,substation,,18.5563748,54.3437569
,,,18.7117142,54.3378032
,,,18.7126261,54.3383529
,,,18.579889,54.4312919
,,,18.6202069,54.3170654
,substation,,18.551653,54.3284306
,transformer,,18.5982302,54.3845364
,transformer,,18.5981618,54.3845748
,transformer,,18.5980945,54.3846126
,transformer,,18.5980315,54.3846479
,,,18.5978534,54.3848021
,,,18.6451728,54.338929
,,,18.6451837,54.3394493
Brama nr 6,,,18.7535583,54.3416841
,,,18.7465369,54.3588911
,,,18.6921427,54.3896596
,,,18.6514731,54.3319926
,,,18.5542811,54.3144086
,,,18.6133049,54.3062906
,,,18.6007728,54.386255
,substation,,18.6262064,54.3747858
,,,18.6091849,54.4096013
,,,18.6446157,54.397271
,,,18.616306,54.398389
,,,18.621385,54.3989415
,,,18.6112021,54.4095014
,,,18.5709709,54.3305991
,,,18.7344734,54.3027771
,,,18.5978737,54.3846053
,,,18.5982153,54.3844105
,,,18.5984456,54.3845505
,,,18.557978,54.427506
,,,18.558644,54.4275964
,,,18.5754593,54.404378
,,,18.6387006,54.3493973
Horyzont Przymorze,substation,,18.6022127,54.4107241
Halibut 2,substation,,18.6025245,54.4118676
,,,18.6506449,54.3393198
,,,18.6386954,54.3494305
,,,18.5939242,54.3328643
,,,18.5599596,54.3507169
,,,18.6894887,54.3391545
,,,18.491973,54.4275251
,,,18.6053263,54.4036528
,,,18.6052277,54.4038293
,,,18.6058482,54.404492
,,wastewater_plant,18.707402,54.3650364
,,,18.6238304,54.396815
,,,18.6430557,54.3998194
,,,18.6469897,54.304467
,,,18.6470238,54.3044733
,,,18.5850324,54.4172606
,,,18.5840325,54.3777228
,,,18.6291348,54.3616331
,,,18.6290994,54.3616806
,,,18.629164,54.3616693
Kapliczna,substation,,18.5984241,54.4229324
Stacja elektroenergetyczna 110kV Ostrów,substation,,18.650547499999995,54.37465505
Stacja elektroenergetyczna 110/15kV Chełm,substation,,18.629870229055776,54.3368601360373
Stacja elektroenergetyczna 110/15kV Czerwony Most,substation,,18.651275908591863,54.332380574460316
Stacja elektroenergetyczna 110/15kV Górki Zachodnie,substation,,18.746228254629365,54.358624365884225
Stacja elektroenergetyczna 110kV Rafineria - zdemontowana,substation,,18.7279280918306,54.34627718011681
,substation,,18.661360968757553,54.352480760070534
,substation,,18.58376115,54.4049031
,substation,,18.640400616845533,54.406903508076
,substation,,18.482855699999998,54.42493344999999
T-11-10,substation,,18.46946014628966,54.425952831178954
Stacja Ciśnień,,water_works,18.62008035844175,54.31776779245499
T-1075,substation,,18.640024476315062,54.32769640933099
Stacja elektroenergetyczna 110kV Basen Górniczy,substation,,18.67354819578333,54.37153360477916
"Stacja elektroenergetyczna ""Gdańsk Błonia"" 400/110 kV",substation,,18.709950241841465,54.338860984262965
,substation,,18.440687871991326,54.33753814369828
"Stacja uzdatniania wody ""Czarny Dwór""",,water_works,18.610280541986395,54.40985620063297
,substation,,18.66025145658915,54.35517209841298
,substation,,18.655366879495116,54.35148666406816
,substation,,18.59242806443272,54.30758952858079
,substation,,18.61116985,54.32464115
"Stacja elektroenergetyczna ""Gdańsk I"" 400/220/110 kV",substation,,18.441271865772226,54.337595682397506
,substation,,18.40537921395658,54.34022217179713
,substation,,18.565313300000003,54.31060099999999
,substation,,18.432392699999994,54.346054300000006
,substation,,18.437786399999997,54.34871885
,substation,,18.62225505,54.32729655
Stacja elektroenergetyczna 110/15kV Piecki,substation,,18.591484816916985,54.35383999351481
SAUR Stacja uzdaniania wody,,water_works,18.46361409081623,54.442618665828206
,substation,,18.63017515059314,54.357658425587836
,substation,,18.632362,54.357127299999995
,,,18.598042350844555,54.384506648561995
,substation,,18.46074644631178,54.43840758122884
"Stacja elektroenergetyczna 110/15kV ""Gdańsk Port Północny""",substation,,18.69160069997238,54.38917688070676
Stacja elektroenergetyczna Gdańsk II,substation,,18.636155793969117,54.379481737716056
Stacja elektroenergetyczna 110/15kV Zaspa,substation,,18.601478206613482,54.38636494791483
Stacja elektroenergetyczna 110kV Nowy Port,substation,,18.64467278694199,54.397553940037454
Stacja elektroenergetyczna 110kV Przymorze,substation,,18.605975447317295,54.40417516819012
Stacja elektroenergetyczna 110/15kV Oliwa,substation,,18.57532019720742,54.40474799558577
Stacja elektroenergetyczna 110/15kV Pomorska,substation,,18.58516291082798,54.41696560013222
Stacja elektroenergetyczna 110/15kV Leśniewo,substation,,18.690463395413197,54.33922202460969
Stacja elektroenergetyczna 110/15kV Motława,substation,,18.66711494436355,54.353648925005615
Stacja elektroenergetyczna 110/15kV Wysoka,substation,,18.49244212100524,54.42766102941788
Stacja elektroenergetyczna 110/15kV Sopot,substation,,18.55785226096068,54.42767794087385
Stacja elektroenergetyczna 110/15kV Kokoszki,substation,,18.48720588084035,54.360850425596546
,substation,,18.659573037342472,54.35196506207454
Przepompownia Ścieków Ołowianka PM-1,,wastewater_plant,18.662886382049102,54.35360496049317
T-1158,substation,,18.62506195,54.326375250000005
B2 (74B),substation,,18.64569685,54.36375259999999
,substation,,18.581400614595214,54.42336007272328
,substation,,18.480823811298684,54.42043306447513
,substation,,18.6279859,54.40673125000001
,,wastewater_plant,18.560023708423294,54.34715036953751
,,wastewater_plant,18.559947807647447,54.35076677432794
,substation,,18.599980806801693,54.3607930215338
,substation,,18.595275545710585,54.35752233101083
,substation,,18.59252379067342,54.416195348468854
,substation,,18.56288925,54.376434849999995
,substation,,18.563499765631114,54.374670123919365
,substation,,18.56028982647248,54.37425334058235
,substation,,18.56493695,54.378214549999996
Flądra,substation,,18.60040425304063,54.41330182999064
,substation,,18.63579333980548,54.38340241975264
,substation,,18.4869277,54.43330315
,substation,,18.4421189,54.421952
Stacja elektroenergetyczna 110kV GIS LOTOS,substation,,18.726901408248274,54.34516316685188
,substation,,18.594306105081763,54.33291222631964
,,wastewater_plant,18.749500610536497,54.338508509312064
,,wastewater_plant,18.749050693568066,54.339045007940314
,,wastewater_plant,18.74835763355941,54.339742927390894
,substation,,18.569358945867382,54.31608970389129
,substation,,18.5391814,54.407317850000005
T-16370,substation,,18.48388737938685,54.382867060419414
Stacja elektroenergetyczna 110/15kV GPZ Lotnisko,substation,,18.470630992814023,54.3865519778197
T-1621,substation,,18.586972684478887,54.377999739537564
T-1847,substation,,18.59028211587719,54.377852824152214
T-1910,substation,,18.596841666594596,54.379230994193975
T-16916,substation,,18.5509937834781,54.347388554708516
,substation,,18.561308249999996,54.4273924
T-1624,substation,,18.583931648030287,54.377717421756174
,substation,,18.557147551508923,54.415760070903644
B5,substation,,18.6417691,54.3693461
,substation,,18.57587095,54.39940219999999
B7 (399B),substation,,18.647041755317137,54.36584982151067
,substation,,18.636488687346283,54.35170572474026
,substation,,18.63859389818127,54.35301039183966
3-go Maja,substation,,18.64241000147611,54.35492369371091
,substation,,18.644977258396576,54.3620781299662
,substation,,18.62541618154401,54.377726666397194
,substation,,18.63028294870326,54.377068679772336
,substation,,18.62775783082515,54.37583701399885
,substation,,18.5840001,54.37906649999999
Dębowa,substation,,18.629116874652834,54.361656767998596
,substation,,18.631898843615105,54.40949025450749
T-1063,substation,,18.681008579205553,54.35611060988081
,substation,,18.621467000000003,54.35709020000001
,substation,,18.62730715,54.35811845
,substation,,18.61362656317951,54.350363585303846
,substation,,18.60878923448841,54.355092375985265
T-1637,substation,,18.611336237470194,54.354343370343514
Stacja elektroenergetyczna 110/15kV Kowale,substation,,18.55423927336493,54.31417965722308
Stacja elektroenergetyczna 15kV Straszyn Górny,substation,,18.54921962528154,54.282997861673174
,substation,,18.5493433,54.28274699999999
Artemidy T-16528,substation,,18.475441742470583,54.42973868359382
T-1116,substation,,18.572895915431896,54.41802995900608
T-2857,substation,,18.57544871104279,54.438670285261146
,substation,,18.46310655,54.428459200000006
T-1778,substation,,18.5658324064252,54.34348150045795
,,water_works,18.56695939541031,54.350156394749874
,,water_works,18.566877456912845,54.34960287485792
,,water_works,18.567943479372815,54.35011750570591
,,water_works,18.56787271294483,54.349589358882575
,substation,,18.563817699999998,54.3392403
Stacja elektroenergetyczna 110/15 kV Młode Miasto,substation,,18.655247053020737,54.35939802386501
,substation,,18.557075276370988,54.407415429443724
T-16695,substation,,18.524028405049243,54.37080636553977
,substation,,18.64268011487807,54.34333046608815
,substation,,18.58867525011788,54.35878742338628
,,wastewater_plant,18.46290376096168,54.36980221911914
,substation,,18.642729634894923,54.40182318696341
,substation,,18.56287235,54.314597449999994
T-1390,substation,,18.579560368229473,54.42075254138459
,substation,,18.45412706874841,54.438795175211496
T-1439,substation,,18.51067965,54.33845445
T-16675,substation,,18.469759561846125,54.418619823803404
,substation,,18.561094561760388,54.40195927913486
Bojkiego,substation,,18.515665430416206,54.352210841868576
Kokoszki Biedronka,substation,,18.497422652806282,54.35342127279645
Osiedle Jaśminowe II,substation,,18.508246,54.353705500000004
,substation,,18.510773639446366,54.352453429732805
Różany Stok,substation,,18.511494450000004,54.355664950000005
Osiedle Jaśminowe III,substation,,18.509476711056294,54.35485954427331
Jaśminowy Stok,substation,,18.506931899999998,54.351769000000004
Kalinowa,substation,,18.511499450000002,54.3510055
,substation,,18.516853602507155,54.35368703125631
,substation,,18.47560595,54.42354085
,substation,,18.4834404671578,54.411233024209174
,substation,,18.483016064213643,54.387665478885225
T-1640,substation,,18.59023838226126,54.322609590789256
,substation,,18.594651855141763,54.41717442276937
,substation,,18.560043837673945,54.40623192101044
,,water_works,18.55417754885823,54.34339309870048
,substation,,18.504178799377847,54.37570538835848
,substation,,18.591323343602863,54.425926400935815
,substation,,18.473032006541803,54.42789669846104
T-16827,substation,,18.6107108936118,54.33448119816655
T-1379,substation,,18.608445350000004,54.33580050000001
Ujęcie wody Klukowo,,water_works,18.4762525974657,54.38900756701162
T-16747,substation,,18.5852542,54.34573640000001
,substation,,18.581464663166287,54.346927071913846
,substation,,18.567847422240103,54.39346707155772
,substation,,18.550587800000002,54.353569050000004
T-1599,substation,,18.5710356,54.42149885
T-1352,substation,,18.571702262206685,54.42289677889258
,substation,,18.585827600000002,54.4216411
,substation,,18.58455084335353,54.42346034958921
"Stacja elektroenergetyczna 110/20kV ""FW Bystra""'",substation,,18.734660973222496,54.30298786562528
,substation,,18.619065334007303,54.35757057446112
,substation,,18.616828326844967,54.38554207745903
,substation,,18.610893497380268,54.38420821871014
,substation,,18.561128260738574,54.34439015610011
,substation,,18.612499391711047,54.37218149795162
,substation,,18.61259617927219,54.3643144604127
,substation,,18.47386525,54.4328954
Stacja Elektroenergetyczna 110/15 kV Uniwersytet,substation,,18.584874609770967,54.38993176250431
,substation,,18.58309315,54.39908725
,substation,,18.5835151,54.31762775000001
,substation,,18.575657787630398,54.323585621687236
,substation,,18.599210749999997,54.33168574999999
,substation,,18.625313838329586,54.34831162076746
T-16730,substation,,18.6502127138291,54.384364025229985
T-17010,substation,,18.65034935,54.38708815
T-1387,substation,,18.606869699999997,54.3525748
T-1598,substation,,18.60632849650643,54.351590118742344
T-16934,substation,,18.605202660243684,54.352987464413786
,substation,,18.60914189431623,54.35232998079708
T-16771,substation,,18.60931685,54.353238699999984
T-1248,substation,,18.592626095786596,54.39166168116196
,substation,,18.5943741,54.3918429
T-1394,substation,,18.596224599999996,54.39086474999999
Startowa 5,substation,,18.598797343607025,54.39334399939518
T-1518,substation,,18.5984983817614,54.39478905871263
,substation,,18.586237185282705,54.41140270414772
Węgorz,substation,,18.590743650000004,54.41227095
Karmazyn,substation,,18.593640882297347,54.41277823678397
Kaszalot,substation,,18.59122569991491,54.41306415049684
T-1036,substation,,18.56791836440035,54.39794507605028
T-1997,substation,,18.573609840601648,54.39108036980362
,substation,,18.58161893135304,54.364408909718996
,substation,,18.53320415,54.41258340000001
,substation,,18.460359232759863,54.36305812531174
T-1735,substation,,18.607114130128583,54.35453059135991
T-1367,substation,,18.60396087600014,54.35405100903667
,substation,,18.615030740500274,54.35521493390584
T-1088,substation,,18.5996771,54.3531845
,substation,,18.591334290428097,54.40051354455515
,substation,,18.563723733349672,54.42846927388565
Przepompownia,,water_works,18.643381351454913,54.39974852532169
,substation,,18.58086864900882,54.40664461793017
,substation,,18.5880061820224,54.40706437895868
,substation,,18.58256201598833,54.40997645810608
,substation,,18.58345619119447,54.40887171258485
,substation,,18.658048431692293,54.401427933241244
,substation,,18.66000686334795,54.40027643865169
Przepompownia,,water_works,18.658699968613064,54.39363016450054
T-1479,substation,,18.57604010216432,54.42132588951905
,substation,,18.62624856203096,54.380191262572104
,substation,,18.578175141758948,54.319216255873705
1974,substation,,18.61747701668714,54.38941777393013
,substation,,18.621424567686734,54.389803142773474
Kępa,substation,,18.66256158187787,54.353786889200705
,substation,,18.6216972,54.3556396
,substation,,18.59514401032049,54.35543737001932
,substation,,18.5783232635071,54.40224892878132
,substation,,18.467718147433647,54.43436443121257
,,water_works,18.616975803601733,54.408663937274206
T-1964,substation,,18.609647655874266,54.40478328080804
T-16507,substation,,18.612077050000003,54.40454530000002
,substation,,18.555546800188353,54.35113510071228
T-95491,substation,,18.419349706674378,54.442579299045875
T-1584,substation,,18.624176025344244,54.33576940898895
T-16572,substation,,18.62360065,54.33440575000001
,substation,,18.626126799999998,54.33720965
,substation,,18.622123600000002,54.340742899999995
T-1554,substation,,18.626935000000003,54.340852850000005
,substation,,18.628822850000002,54.34008015
T-16821,substation,,18.61237185,54.39317674999999
T-1516,substation,,18.60924769815736,54.39286747956029
,substation,,18.570779215836385,54.369493226251485
T-2883,substation,,18.5614772,54.44987745
,substation,,18.557874974861114,54.33032454122834
T-16969,substation,,18.564212,54.331961050000004
,substation,,18.56310845,54.33056605
,substation,,18.567989133489327,54.33069114225524
,substation,,18.566762,54.37738325
T-1162,substation,,18.62460725,54.32527005
,substation,,18.68539055981894,54.345730528479486
T-16522,substation,,18.561644706366366,54.340422299343416
,substation,,18.596749993545025,54.41622514976843
,substation,,18.616401347851152,54.34243159533814
T-1456,substation,,18.463458221196642,54.42015823630284
Stacja elektroenergetyczna 110/15 kV Śródmieście,substation,,18.639026663149348,54.34932642371704
318,substation,,18.64233282576437,54.40364129066549
,substation,,18.64810033862687,54.40340383354831
,substation,,18.643786049999996,54.4048261
,substation,,18.6410379,54.40567115000001
,substation,,18.638769197181322,54.40435568839926
,substation,,18.59176100774005,54.35364779681786
T-1470,substation,,18.558907336404474,54.41873700739275
,,,18.598002621031547,54.38471550498508
"Podstacja trakcyjna ""Gdańsk Wrzeszcz""",substation,,18.598036337614833,54.38454695522977
,substation,,18.578794407289692,54.37528511809948
,substation,,18.587201687518874,54.3798158212024
,substation,,18.50800887286475,54.34832492690226
Wiosenna,substation,,18.50224016251794,54.34651509901438
,substation,,18.631015426827933,54.32076525795484
,substation,,18.63039882773583,54.3096880280653
,substation,,18.55985674469826,54.31058783105725
,substation,,18.45799401031446,54.42399536570626
Stacja Elektroenergetyczna 110/15 kV GPZ Brętowo,substation,,18.570504800384175,54.37794569372827
,substation,,18.59116435,54.397200299999994
,substation,,18.591268649999996,54.30077909999999
,substation,,18.586462447637697,54.38179896867625
,substation,,18.555634550000004,54.31767475000001
,substation,,18.563056189462277,54.31867268888465
,substation,,18.482759564379766,54.417591482851805
,substation,,18.5849848,54.40484300000001
,substation,,18.59121755,54.39277165
,substation,,18.590540999999998,54.394228999999996
,substation,,18.59329805,54.39810535
,substation,,18.6095703,54.39831605
,substation,,18.56674143969757,54.411880370689104
,substation,,18.567657136981797,54.41444366423949
,substation,,18.617269925168582,54.35851814047743
,substation,,18.596851643577363,54.396872697684685
,substation,,18.483944518155745,54.381188189074784
,substation,,18.505012699999995,54.3711115
,substation,,18.519792950000003,54.365699449999994
T-1866,substation,,18.649203832307872,54.34371830974301
347A,substation,,18.651350750380672,54.36352473847677
,substation,,18.64031329906104,54.36937887010042
A11 (392A),substation,,18.655691391823368,54.36353044611332
A14,substation,,18.657701878473784,54.36295457213298
B12 (337B),substation,,18.643290014665403,54.36660664150628
B10 (360B),substation,,18.645195106771038,54.36525535456075
,substation,,18.5665835,54.328368000000005
,substation,,18.592990449999995,54.415076899999995
"Podstacja trakcyjna ""Gdańsk Południe""",substation,,18.64520374796427,54.33915663042779
,substation,,18.562247319641646,54.43550080774558
Oczyszczalnia Ścieków Grupy Lotos,,wastewater_plant,18.752247035376726,54.34005331480407
,substation,,18.643923807280032,54.39251760221775
,substation,,18.4720898,54.43005015
,substation,,18.5016341991141,54.34206192579014
T-16720,substation,,18.508347198971524,54.340485477953415
,substation,,18.589934350000004,54.4148859
,substation,,18.590349500000002,54.3604303
,substation,,18.5586222573306,54.43451208300915
Stacja elektroenergatyczna 110/15kV GPZ Maćkowy,substation,,18.613799995169106,54.30642467286433
Jałmużnicza,substation,,18.657377099999998,54.34151289999999
,substation,,18.571150367292798,54.43387599785344
,substation,,18.575107230309705,54.43343628491088
,substation,,18.58038469310641,54.434003247851535
,substation,,18.668906242804375,54.349718372463926
,substation,,18.61533985,54.33851184999999
,substation,,18.681846233916385,54.34827237444796
,substation,,18.590446607552295,54.3495345053564
,substation,,18.4217907,54.39470359999999
,substation,,18.446734650000003,54.41866980000001
,substation,,18.54184121978356,54.33425733727139
,substation,,18.56795225,54.40353130000001
,substation,,18.571086949999998,54.3307271
,substation,,18.451353538548616,54.43448632532303
,substation,,18.61719373024598,54.33761988655647
,substation,,18.6266711911022,54.372778380452154
,substation,,18.62877850746876,54.388087166454675
,substation,,18.545485877559518,54.335043533296776
,substation,,18.586064229318207,54.41401673631736
,substation,,18.4717844,54.36762195
,substation,,18.4733929,54.361822499999995
,substation,,18.47335242719642,54.36182290587428
,substation,,18.473984728805316,54.36251759064997
T-16151,substation,,18.56919320764854,54.394485982553334
,substation,,18.639035865418748,54.349325801877505
,substation,,18.598835757715293,54.41177328370134
,substation,,18.411036306005798,54.323696281365464
,substation,,18.5552992,54.41357655000001
,substation,,18.608245999999998,54.407912599999996
,substation,,18.565772438912685,54.396367573376
,substation,,18.6133839,54.353893649999996
,substation,,18.585765702230216,54.33379497883169
,substation,,18.565434236296547,54.412515163500544
,substation,,18.5848491,54.344583750000005
,substation,,18.591869449999997,54.343897049999995
,substation,,18.590491566748756,54.34666397520521
,substation,,18.59544169426211,54.34464525910689
,substation,,18.563006299999998,54.41652079999999
,substation,,18.48296114463214,54.35426918231393
,substation,,18.6031712,54.3857344
,substation,,18.584590486207045,54.402762092672255
,substation,,18.59034745,54.39062405
,substation,,18.456128275615914,54.3830814849922
Stacja elektroenergetyczna 15kV PZ Łapino,substation,,18.447412276856838,54.284564989002625
Śledź,substation,,18.589165784864228,54.41101108080367
,substation,,18.4807781,54.432921199999996
,substation,,18.573482650000003,54.39493525000001
,substation,,18.576893800000004,54.393138500000006
,substation,,18.60012025,54.351875099999994
,substation,,18.55175979282931,54.34189225013094
,substation,,18.556969050320035,54.350928830492
,substation,,18.442485199999997,54.37174845
,substation,,18.463024558979406,54.358680629792424
Rakietowa,substation,,18.480948550000004,54.36905629999999
,substation,,18.497563687554127,54.3525114054029
,substation,,18.501681701931794,54.35289797318187
,substation,,18.501274537478302,54.3516279800243
,substation,,18.567487752269187,54.33228462945746
"Stacja uzdatniania wody ""Zaspa Wodna""",,water_works,18.61540555635815,54.398068319040895
,substation,,18.62167666316031,54.39887897080022
"Podstacja trakcyjna ""Tramwaje Hallera""",substation,,18.621644333636322,54.3988843801646
"Podstacja trakcyjna ""Bulońska Pętla""",substation,,18.571086761280306,54.330679276006286
,substation,,18.549014291080166,54.290681471010195
,substation,,18.548065100000002,54.292420549999996
,substation,,18.537235250000002,54.29544635
,substation,,18.551948045143792,54.3092952022409
,substation,,18.556793797556043,54.31284510849393
,substation,,18.542622790434287,54.30296856961414
Maciejewicza II,substation,,18.53817270270802,54.301483479136934
,substation,,18.44295951417343,54.28488482352198
,substation,,18.4412907,54.2870954
T-1591,substation,,18.677453948664223,54.39331652906834
,substation,,18.6512885,54.387233949999995
,substation,,18.666964450000002,54.3802448
,substation,,18.67893885,54.3828642
,substation,,18.578208763699312,54.402225515705844
,,water_works,18.57945186495774,54.43131344434305
"Podstacja trakcyjna ""Port Północny""",substation,,18.68264152403804,54.36325762668203
,substation,,18.52797435666133,54.449168419282124
,,water_works,18.5122159,54.33428165000001
,substation,,18.572876675564707,54.417976417334636
,substation,,18.5830575996827,54.41589577575975
,substation,,18.62517171151769,54.36511317775071
,substation,,18.58451615,54.34029445
Dział Ujęć Wgłębnych Zaspa,,wastewater_plant,18.624097913359154,54.39649720373447
"Podstacja trakcyjna ""Sopot""",substation,,18.56536044558379,54.42850689160021
,,wastewater_plant,18.730025149999996,54.37257985000001
,,wastewater_plant,18.54016287019117,54.41955661254556
,substation,,18.633462643315784,54.379855249480016
,substation,,18.66080135,54.28574355000001
,substation,,18.5882266905591,54.35811917904848
,substation,,18.552996249999996,54.3722177
Dorsz,substation,,18.59551139677027,54.41116604901294
Ostryga,substation,,18.596075348561964,54.41231975908587
Cztery Oceany,substation,,18.59604785,54.40991145
Gdańska 21,substation,,18.632290658159658,54.40177672969377
,substation,,18.584586259262935,54.353322140113995
,substation,,18.58886755,54.348777100000014
,substation,,18.61598756566556,54.370873787812265
,substation,,18.664400750000002,54.347041200000014
,,water_works,18.65162768233488,54.339937954415326
"Przepompownia ""Gniła Łacha""",,wastewater_plant,18.71023077171218,54.35757828458341
,substation,,18.61688420822165,54.4073187939797
,substation,,18.4678878,54.38250185
,substation,,18.48400018403258,54.38107617725961
Przepompownia ścieków Nowiec,,wastewater_plant,18.564469644261383,54.36163871946678
"Podstacja trakcyjna ""Tramwaje Łódzka""",substation,,18.594214660222267,54.33292540445404
,substation,,18.588849149999998,54.30943489999999
,substation,,18.588082121511498,54.395535334556705
,substation,,18.619473199999998,54.317074299999994
,substation,,18.61987725018441,54.31279889524314
,substation,,18.593785,54.2927447
,substation,,18.6062175,54.3040968
,substation,,18.61016625,54.310067149999995
,substation,,18.585709016818466,54.30859549627619
,substation,,18.608468057607826,54.29840092058914
Czerska,substation,,18.60883742479277,54.300876164843636
,substation,,18.57330589087514,54.40016518941593
,,wastewater_plant,18.688462398122123,54.37005642036533
,substation,,18.601701000000002,54.39703935000001
,substation,,18.56367287626636,54.41514956623177
,substation,,18.564353423743132,54.41466803374688
,substation,,18.563420215621136,54.416276839406365
,substation,,18.603042926157148,54.33801015713622
"Ujęcie wody ""Lipce""",,water_works,18.647541043551538,54.30512942505707
,substation,,18.623856907277258,54.406738957837945
"Kabina sekcyjna ""Zaspa""",substation,,18.62838656211325,54.37593120657012
,substation,,18.590672887522107,54.331176971390526
,substation,,18.694917642957755,54.33779330017222
,substation,,18.697826175682863,54.336800754647236
"Stacja elektroenergetyczna 15/0,4kV Czerwony Most",substation,,18.64843966093837,54.33541957363439
Stacja elektroenergetyczna 110kV Ostrów,substation,,18.650547500000002,54.37465505000001
Stacja elektroenergetyczna 110/15kV Chełm,substation,,18.629870133503182,54.33686030960246
Stacja elektroenergetyczna 110/15kV Czerwony Most,substation,,18.651278237740488,54.33238163910992
Stacja elektroenergetyczna 110/15kV Górki Zachodnie,substation,,18.746213854762168,54.35862708563301
Stacja elektroenergetyczna 110kV Rafineria - zdemontowana,substation,,18.7279159175686,54.34628159725902
,substation,,18.6613532433798,54.352477306515674
,substation,,18.583761149999997,54.40490309999999
,substation,,18.640400799763793,54.406903583021695
,substation,,18.482855699999998,54.424933450000005
T-11-10,substation,,18.46946014573895,54.42595283306813
Stacja Ciśnień,,water_works,18.620096356421094,54.31778454938878
T-1075,substation,,18.640024475510454,54.32769640497208
Stacja elektroenergetyczna 110kV Basen Górniczy,substation,,18.67354712355569,54.37153428914418
"Stacja elektroenergetyczna ""Gdańsk Błonia"" 400/110 kV",substation,,18.70967704952491,54.338681836515384
,substation,,18.44068799016084,54.33753820790473
"Stacja uzdatniania wody ""Czarny Dwór""",,water_works,18.610315345665065,54.40985864944636
,substation,,18.660251466813524,54.35517209904837
,substation,,18.655366884647947,54.35148666711462
,substation,,18.592428066332836,54.30758952936998
,substation,,18.611169849999996,54.324641150000005
"Stacja elektroenergetyczna ""Gdańsk I"" 400/220/110 kV",substation,,18.44123523121392,54.33756663385626
,substation,,18.40537921365924,54.34022217121975
,substation,,18.5653133,54.310601
,substation,,18.432392699999998,54.34605430000001
,substation,,18.437786399999997,54.34871885
,substation,,18.62225505,54.32729654999999
Stacja elektroenergetyczna 110/15kV Piecki,substation,,18.591449287982513,54.35383903725535
SAUR Stacja uzdaniania wody,,water_works,18.463628177141572,54.442612583379
,substation,,18.630175067548997,54.357658429877134
,substation,,18.632362,54.35712730000001
,,,18.598042354978396,54.384506647187436
,substation,,18.460746444715042,54.43840758325487
"Stacja elektroenergetyczna 110/15kV ""Gdańsk Port Północny""",substation,,18.69160323609194,54.38917905276215
Stacja elektroenergetyczna Gdańsk II,substation,,18.636208310923895,54.379520848371094
Stacja elektroenergetyczna 110/15kV Zaspa,substation,,18.601476352906854,54.38635679537185
Stacja elektroenergetyczna 110kV Nowy Port,substation,,18.644673414154543,54.39755535769935
Stacja elektroenergetyczna 110kV Przymorze,substation,,18.605968348210933,54.404168397768245
Stacja elektroenergetyczna 110/15kV Oliwa,substation,,18.575331986873213,54.404742075798694
Stacja elektroenergetyczna 110/15kV Pomorska,substation,,18.585117123006306,54.41694331309002
Stacja elektroenergetyczna 110/15kV Leśniewo,substation,,18.69042946346006,54.33917676900441
Stacja elektroenergetyczna 110/15kV Motława,substation,,18.66710125173584,54.35364855226293
Stacja elektroenergetyczna 110/15kV Wysoka,substation,,18.492453636672277,54.42766526019777
Stacja elektroenergetyczna 110/15kV Sopot,substation,,18.557851547083256,54.42767803169001
Stacja elektroenergetyczna 110/15kV Kokoszki,substation,,18.48720461308833,54.360844446342725
,substation,,18.659573032165795,54.35196506027788
Przepompownia Ścieków Ołowianka PM-1,,wastewater_plant,18.662895450865392,54.35359446085232
,substation,,18.57120955,54.30494635
T-1158,substation,,18.625061949999996,54.32637525
B2 (74B),substation,,18.64569685,54.3637526
,substation,,18.581400613263604,54.42336007235108
,substation,,18.480823813313656,54.42043306885674
,substation,,18.627985900000002,54.40673124999999
,,wastewater_plant,18.560023708109235,54.347150368264906
,,wastewater_plant,18.559947812019086,54.35076676451877
,substation,,18.599980637297634,54.360793055793486
,substation,,18.5952755466135,54.35752233283242
,substation,,18.592523690669292,54.4161954439143
,substation,,18.562889249999998,54.37643484999999
,substation,,18.563499764313974,54.374670123764645
,substation,,18.560289825566176,54.374253344951356
,substation,,18.56493695,54.378214549999996
Flądra,substation,,18.600404049682947,54.41330191754076
,substation,,18.635793320885227,54.38340241686088
,substation,,18.4869277,54.43330315000001
,substation,,18.442118900000004,54.421952000000005
Stacja elektroenergetyczna 110kV GIS LOTOS,substation,,18.726927569403525,54.34515639371988
,substation,,18.594306099591705,54.33291223817074
,,wastewater_plant,18.749494874378733,54.338509211702466
,,wastewater_plant,18.749051585938968,54.33904310558872
,,wastewater_plant,18.748357289687462,54.339742939207675
,substation,,18.56935890995826,54.31608971127147
,substation,,18.5391814,54.40731784999999
T-16370,substation,,18.483887376761864,54.3828670561002
Stacja elektroenergetyczna 110/15kV GPZ Lotnisko,substation,,18.470630999829574,54.38655198011503
T-1621,substation,,18.586972679142296,54.37799974319233
T-1847,substation,,18.590282114779164,54.37785282402392
T-1910,substation,,18.596841657051932,54.37923095954116
T-16916,substation,,18.550993813972664,54.34738854356031
,substation,,18.56130825,54.4273924
T-1624,substation,,18.58393166121564,54.37771742514508
,substation,,18.557147558595748,54.4157600750701
B5,substation,,18.641769099999998,54.36934609999999
,substation,,18.575870950000002,54.39940219999999
B7 (399B),substation,,18.647042933351784,54.36584987099272
,substation,,18.636488646921254,54.351705700071484
,substation,,18.638593930145404,54.35301036633731
3-go Maja,substation,,18.642410071418553,54.3549237177071
,substation,,18.644977256506422,54.36207813133226
,substation,,18.62541619652838,54.3777266647472
,substation,,18.63028279530715,54.37706865071501
,substation,,18.62775776468548,54.37583702617806
,substation,,18.584000100000004,54.3790665
Dębowa,substation,,18.629116853446778,54.36165677096012
,substation,,18.63189882368626,54.4094902765205
T-1063,substation,,18.68100857665985,54.356110605562606
,substation,,18.621466999999996,54.357090199999995
,substation,,18.62730715,54.358118450000006
,substation,,18.61362657051137,54.350363615679356
,substation,,18.608789236031367,54.355092376143354
T-1637,substation,,18.611336207903243,54.35434340138397
Stacja elektroenergetyczna 110/15kV Kowale,substation,,18.554239264230443,54.314179655237616
Stacja elektroenergetyczna 15kV Straszyn Górny,substation,,18.54921962511884,54.28299785730008
,substation,,18.549343299999997,54.28274699999999
Artemidy T-16528,substation,,18.47544173989826,54.429738679173816
T-1116,substation,,18.572895894739087,54.418029930647464
T-2857,substation,,18.575449167977883,54.43867023555932
,substation,,18.463106550000003,54.4284592
T-1778,substation,,18.565832416689325,54.34348150013443
,,water_works,18.56695939896641,54.35015639610725
,,water_works,18.56687746107593,54.34960287543366
,,water_works,18.567943478635556,54.35011750262344
,,water_works,18.567872716751246,54.349589358257475
,substation,,18.563817699999998,54.33924030000001
Stacja elektroenergetyczna 110/15 kV Młode Miasto,substation,,18.655247107249092,54.35939804797216
,substation,,18.557075306855197,54.407415474120164
T-16695,substation,,18.524028402224438,54.37080636904294
,substation,,18.642679997959338,54.34333041550464
,substation,,18.58867525704773,54.35878742724079
,,wastewater_plant,18.46288708092384,54.36981198085008
,substation,,18.642729642985653,54.401823193344725
,substation,,18.56287235,54.31459745
T-1390,substation,,18.57956037232365,54.420752545387984
,substation,,18.454127075041036,54.43879517528789
T-1439,substation,,18.51067965,54.33845444999999
T-16675,substation,,18.469759557612118,54.418619823390976
,substation,,18.56109456109971,54.40195928000242
Bojkiego,substation,,18.515665427145567,54.35221084586165
Kokoszki Biedronka,substation,,18.497422655068736,54.35342126834208
Osiedle Jaśminowe II,substation,,18.508245999999996,54.3537055
,substation,,18.51077363949868,54.352453430814606
Różany Stok,substation,,18.51149445,54.35566495
Osiedle Jaśminowe III,substation,,18.509476719149106,54.354859546921766
Jaśminowy Stok,substation,,18.5069319,54.351769
Kalinowa,substation,,18.511499450000002,54.35100549999999
,substation,,18.51685360268016,54.353687033194355
,substation,,18.47560595,54.42354085000001
,substation,,18.483440468592764,54.41123302405566
,substation,,18.483016067305822,54.38766547992057
T-1640,substation,,18.590238377893687,54.32260959482164
,substation,,18.59465184558814,54.41717445069207
,substation,,18.560043837990758,54.40623192018953
,,water_works,18.554174909969287,54.343393842453814
,substation,,18.504178855869583,54.37570539699269
,substation,,18.591323333291356,54.42592640058429
,substation,,18.473032016791773,54.42789669905708
T-16827,substation,,18.610710883589476,54.33448119847184
T-1379,substation,,18.608445349999993,54.3358005
Ujęcie wody Klukowo,,water_works,18.476252946886106,54.389007920287305
Zakłady teoretyczne,substation,,18.60938619837856,54.36692881948579
T-16747,substation,,18.585254200000005,54.3457364
,substation,,18.58146469877775,54.34692705452988
,substation,,18.5678475528397,54.393467201627374
,substation,,18.5505878,54.35356905000001
T-1599,substation,,18.5710356,54.42149884999999
T-1352,substation,,18.571702261410326,54.42289677969283
,substation,,18.585827600000002,54.421641099999995
,substation,,18.584550839155476,54.423460344214845
"Stacja elektroenergetyczna 110/20kV ""FW Bystra""'",substation,,18.734659898601183,54.302987701605836
,substation,,18.61906533508969,54.35757057437951
,substation,,18.616828338099978,54.38554210740745
,substation,,18.610893495898207,54.38420821664327
,substation,,18.56112826901523,54.34439015345791
,substation,,18.61249921689898,54.372181397402926
,substation,,18.61259616918816,54.36431446875983
,substation,,18.47386525,54.43289539999999
Stacja Elektroenergetyczna 110/15 kV Uniwersytet,substation,,18.58487461821904,54.389931767739206
,substation,,18.58309315,54.39908725
,substation,,18.5835151,54.31762775000001
,substation,,18.575657789790522,54.32358562102189
,substation,,18.599210749999997,54.331685750000005
,substation,,18.625313838753904,54.3483116198655
T-16730,substation,,18.650212710323864,54.38436402524838
T-17010,substation,,18.65034935,54.387088150000004
T-1387,substation,,18.6068697,54.352574800000006
T-1598,substation,,18.60632849148436,54.35159012310803
T-16934,substation,,18.605202663795946,54.35298746890377
,substation,,18.609141895040203,54.35232998248439
T-16771,substation,,18.60931685,54.3532387
T-1248,substation,,18.592626094632923,54.391661683083605
,substation,,18.5943741,54.39184289999999
T-1394,substation,,18.596224600000003,54.39086475
Startowa 5,substation,,18.598797333303807,54.39334399967245
T-1518,substation,,18.598498377671753,54.39478905469366
,substation,,18.5862371924709,54.41140267326471
Węgorz,substation,,18.59074365,54.41227095
Karmazyn,substation,,18.593640883892466,54.41277823305511
Kaszalot,substation,,18.59122569962572,54.41306415082669
T-1036,substation,,18.567918364591307,54.39794507529287
T-1997,substation,,18.57360983983506,54.39108036846625
,substation,,18.58161892755014,54.36440890557012
,substation,,18.53320415,54.412583399999995
,substation,,18.460359231429948,54.3630581253704
T-1735,substation,,18.607114127013936,54.354530595472426
T-1367,substation,,18.603960875377314,54.3540510047224
,substation,,18.615030740469003,54.35521492971955
T-1088,substation,,18.599677099999997,54.353184500000005
,substation,,18.591334281564723,54.40051354684407
,substation,,18.563723732766448,54.42846927369181
Przepompownia,,water_works,18.64339128037836,54.39974858083642
,substation,,18.580868662493394,54.406644622515266
,substation,,18.588006138788856,54.40706438940638
,substation,,18.582562021386753,54.40997645438465
,substation,,18.583456188389853,54.408871714825146
,substation,,18.658048390105737,54.40142794711923
,substation,,18.660006861605453,54.40027643566038
Przepompownia,,water_works,18.658702137387348,54.393631506017925
T-1479,substation,,18.57604010478576,54.4213259065793
,substation,,18.626248547495116,54.380191246752354
,substation,,18.57817513265705,54.31921625406795
1974,substation,,18.617477017286294,54.389417773750715
,substation,,18.62142455514055,54.38980296031134
Kępa,substation,,18.66256162271715,54.353786871470746
,substation,,18.6216972,54.355639599999996
,substation,,18.595144011298693,54.35543736877628
,substation,,18.57832326448221,54.402248929593746
,substation,,18.467718147479943,54.43436443317192
,,water_works,18.616979723337924,54.408670027398905
T-1964,substation,,18.609647655551772,54.40478328247666
T-16507,substation,,18.61207705,54.40454530000001
,substation,,18.555546802088596,54.35113510285236
T-95491,substation,,18.419349716768775,54.44257929966981
T-1584,substation,,18.62417602513506,54.33576940467911
T-16572,substation,,18.62360065,54.33440575000001
,substation,,18.6261268,54.33720965000001
,substation,,18.6221236,54.3407429
T-1554,substation,,18.626935,54.340852850000005
,substation,,18.62882285,54.340080150000006
T-16821,substation,,18.612371850000002,54.39317675
T-1516,substation,,18.609247691377767,54.3928674753475
,substation,,18.5707792150108,54.36949322644418
T-2883,substation,,18.561477199999995,54.44987745
,substation,,18.55787497494411,54.3303245454956
T-16969,substation,,18.564212,54.33196105
,substation,,18.56310845,54.33056605
,substation,,18.56798912840598,54.33069114596267
,substation,,18.566762,54.37738324999999
T-1162,substation,,18.62460725,54.32527005
,substation,,18.685390555967025,54.345730529810815
T-16522,substation,,18.561644716661323,54.34042229951884
,substation,,18.596749983370152,54.41622515013692
,substation,,18.616401384298545,54.34243159413527
T-1456,substation,,18.463458216427515,54.42015823324737
Stacja elektroenergetyczna 110/15 kV Śródmieście,substation,,18.639028845957267,54.34932698850799
318,substation,,18.64233282529264,54.40364129503126
,substation,,18.64810032824855,54.40340383433881
,substation,,18.643786049999996,54.4048261
,substation,,18.6410379,54.405671149999996
,substation,,18.63876920632797,54.40435565803008
,substation,,18.591761006028992,54.35364779400513
T-1470,substation,,18.558907329560803,54.41873700406171
"Podstacja trakcyjna ""Gdańsk Wrzeszcz""",substation,,18.59803913876786,54.38454567059286
,substation,,18.57879441763685,54.375285116342006
,substation,,18.587201688296357,54.379815820454624
,substation,,18.50800886163216,54.3483249129259
Wiosenna,substation,,18.502240171413302,54.34651511890305
,substation,,18.631015425819847,54.32076525390064
,substation,,18.630396534580594,54.309688228775265
,substation,,18.55985674348744,54.3105878328874
,substation,,18.457994009015295,54.42399533968475
Stacja Elektroenergetyczna 110/15 kV GPZ Brętowo,substation,,18.570504851191203,54.3779457185105
,substation,,18.59116435,54.39720030000001
,substation,,18.591268650000004,54.30077910000001
,substation,,18.586462445790215,54.38179896654617
,substation,,18.55563455,54.31767475
,substation,,18.563056183644207,54.31867268533137
,substation,,18.482759553535203,54.4175914806298
,substation,,18.5849848,54.40484299999999
,substation,,18.591217549999996,54.39277165
,substation,,18.590541,54.394228999999996
,substation,,18.59329805,54.398105349999994
,substation,,18.609570299999998,54.39831605
,substation,,18.56674144163091,54.41188036964325
,substation,,18.567657132040427,54.41444367333228
,substation,,18.617269925066687,54.35851814487271
,substation,,18.59685163352489,54.396872698198365
,substation,,18.48394452208854,54.38118819310538
,substation,,18.5050127,54.371111500000005
,substation,,18.519792950000003,54.365699449999994
T-1866,substation,,18.649203896289627,54.34371832104481
347A,substation,,18.65135072670917,54.363524741244476
,substation,,18.640313301783095,54.3693788662805
A11 (392A),substation,,18.65569098920469,54.36353032009949
A14,substation,,18.657701507777055,54.36295440882971
B12 (337B),substation,,18.643290020792097,54.36660664510312
B10 (360B),substation,,18.645195045714154,54.36525539113699
,substation,,18.5665835,54.328368
,substation,,18.59299045,54.41507690000001
"Podstacja trakcyjna ""Gdańsk Południe""",substation,,18.64518683713897,54.339163970820884
,substation,,18.56224738791836,54.43550073115729
Oczyszczalnia Ścieków Grupy Lotos,,wastewater_plant,18.752330031634823,54.340069824809525
,substation,,18.643923817142767,54.39251760108272
,substation,,18.4720898,54.43005015000001
,substation,,18.501634190118708,54.342061922080454
T-16720,substation,,18.508347191147855,54.34048547394062
,substation,,18.589934350000004,54.414885899999994
,substation,,18.590349500000002,54.360430300000004
,substation,,18.558622256618722,54.43451208219636
Stacja elektroenergatyczna 110/15kV GPZ Maćkowy,substation,,18.613794772829106,54.30642443146401
Jałmużnicza,substation,,18.657377099999994,54.34151289999999
,substation,,18.57115032878525,54.433876015256146
,substation,,18.575107230447905,54.43343628671009
,substation,,18.580384683009115,54.43400324877883
,substation,,18.66890633342923,54.34971816187134
,substation,,18.61533985,54.33851185
,substation,,18.68184611524233,54.34827234561633
,substation,,18.590446616849192,54.34953450388856
,substation,,18.421790700000003,54.39470360000001
,substation,,18.44673465,54.418669799999996
,substation,,18.541841222520578,54.334257340989375
,substation,,18.567952249999998,54.4035313
,substation,,18.57108695,54.330727100000004
,substation,,18.4513535429519,54.43448632545032
,substation,,18.617193754721125,54.337619964941375
,substation,,18.6266711894628,54.37277838197286
,substation,,18.628778510034017,54.38808717086764
,substation,,18.545485864383274,54.33504353314009
,substation,,18.586064326922767,54.41401673729523
,substation,,18.471784399999997,54.36762195
,substation,,18.473392899999997,54.3618225
,substation,,18.473352425996534,54.36182290256393
,substation,,18.47398472648401,54.36251759493877
T-16151,substation,,18.56919320565115,54.394485978631316
Stacja transformatorowa,substation,,18.623886153241074,54.38792961942604
,substation,,18.639034978422824,54.34932563173532
,substation,,18.59883588138234,54.411773217090754
,substation,,18.411038383754896,54.32369528038385
,substation,,18.5552992,54.41357655
,substation,,18.608246,54.4079126
,substation,,18.56577252319299,54.39636752853548
,substation,,18.613383900000006,54.35389365
,substation,,18.58576571179076,54.33379497463136
,substation,,18.565434234990068,54.41251516773172
,substation,,18.584849100000003,54.34458375
,substation,,18.59186945,54.34389704999999
,substation,,18.59049156693858,54.34666397524555
,substation,,18.595441449335137,54.34464526739538
,substation,,18.563006299999998,54.41652080000001
,substation,,18.48296113604467,54.35426918434927
,substation,,18.603171200000002,54.3857344
,substation,,18.584590479550425,54.402762096010996
,substation,,18.59034745,54.39062404999999
,substation,,18.456128245647413,54.38308148255005
Stacja elektroenergetyczna 15kV PZ Łapino,substation,,18.44741216197289,54.28456493674356
Śledź,substation,,18.589165728294937,54.41101110633285
,substation,,18.480778100000002,54.4329212
,substation,,18.573482650000003,54.39493525
,substation,,18.576893800000004,54.393138500000006
,substation,,18.60012025,54.35187510000001
,substation,,18.55175978410969,54.3418922509643
,substation,,18.5569690469132,54.35092883415861
,substation,,18.4424852,54.371748450000005
,substation,,18.46302455710083,54.3586806310582
Rakietowa,substation,,18.480948550000004,54.3690563
,substation,,18.497563680368156,54.35251140262463
,substation,,18.501681700010643,54.35289796922176
,substation,,18.501274530721286,54.35162798218037
,substation,,18.56748774818147,54.332284625610626
"Stacja uzdatniania wody ""Zaspa Wodna""",,water_works,18.615418007417617,54.398062549276666
,substation,,18.621676665433707,54.39887896973718
"Podstacja trakcyjna ""Tramwaje Hallera""",substation,,18.62166998701774,54.398890330427115
"Podstacja trakcyjna ""Bulońska Pętla""",substation,,18.57108068829339,54.33068033251306
,substation,,18.54901429490079,54.29068146944124
,substation,,18.5480651,54.292420549999996
,substation,,18.537235250000002,54.29544634999999
,substation,,18.551948045623423,54.3092952057156
,substation,,18.55679378594051,54.31284511062186
,substation,,18.54262277796894,54.30296856495057
Maciejewicza II,substation,,18.538172708588327,54.301483481248724
,substation,,18.442959521117533,54.284884822949074
,substation,,18.441290700000003,54.2870954
T-1591,substation,,18.677453942729457,54.39331652492486
,substation,,18.651288500000003,54.38723395
,substation,,18.666964450000002,54.3802448
,substation,,18.67893885,54.38286419999999
,substation,,18.578208756689044,54.4022255062531
,,water_works,18.579410675708964,54.43125356967221
"Podstacja trakcyjna ""Port Północny""",substation,,18.6826382595283,54.363255785502425
,substation,,18.52797435685346,54.44916841766828
,,water_works,18.5122159,54.334281649999994
,substation,,18.572876651765693,54.41797639687042
,substation,,18.583057606126737,54.41589577198379
,substation,,18.625171707909654,54.365113178555106
,substation,,18.584516149999995,54.34029444999999
Dział Ujęć Wgłębnych Zaspa,,wastewater_plant,18.624143300032816,54.396491538952205
"Podstacja trakcyjna ""Sopot""",substation,,18.565368519197303,54.428502280751935
,,wastewater_plant,18.73002515,54.37257985000001
,,wastewater_plant,18.540164075081446,54.41955589646206
,substation,,18.63346263392342,54.37985524897182
,substation,,18.66080135,54.28574355
,substation,,18.58822669388654,54.35811918039417
,substation,,18.55299625,54.37221770000001
Dorsz,substation,,18.595511391909934,54.411166048473405
Ostryga,substation,,18.59607534561611,54.41231976388221
Cztery Oceany,substation,,18.59604785,54.40991145
Gdańska 21,substation,,18.632290655113614,54.401776731263716
,substation,,18.584586384357973,54.3533221194329
,substation,,18.588867549999996,54.34877709999999
,substation,,18.6159875703131,54.37087379088391
,substation,,18.664400750000002,54.34704119999999
,,water_works,18.65146846117217,54.33974088639314
"Przepompownia ""Gniła Łacha""",,wastewater_plant,18.71023707409065,54.357579678208104
,substation,,18.61688421730156,54.40731879578962
,substation,,18.4678878,54.38250185
,substation,,18.48400018293532,54.38107617768656
Przepompownia ścieków Nowiec,,wastewater_plant,18.56446963234195,54.3616387232653
"Podstacja trakcyjna ""Tramwaje Łódzka""",substation,,18.594230839716506,54.332929916049025
,substation,,18.588849149999998,54.30943490000001
,substation,,18.58808205731853,54.39553531576198
,substation,,18.619473199999995,54.317074299999994
,substation,,18.61987725445848,54.312798893794415
,substation,,18.593785,54.29274470000001
,substation,,18.6062175,54.3040968
,substation,,18.61016625,54.31006715
,substation,,18.585709020571212,54.30859550032521
,substation,,18.608468053543778,54.29840091852666
Czerska,substation,,18.6088374335014,54.300876166703276
,substation,,18.573305885732157,54.40016518960833
,,wastewater_plant,18.68846188659035,54.37005658825147
,substation,,18.601701000000002,54.39703935
,substation,,18.56367286421585,54.415149566962
,substation,,18.564353435846918,54.414668033033365
,substation,,18.56342022088229,54.41627684305912
,substation,,18.603042925479627,54.33801015333235
"Ujęcie wody ""Lipce""",,water_works,18.647545345181754,54.3051453437983
,substation,,18.62385689540449,54.406738955375694
"Kabina sekcyjna ""Zaspa""",substation,,18.62838656967933,54.3759312036016
,substation,,18.590672888791225,54.331176970667904
,substation,,18.694917635424904,54.337793298547744
,substation,,18.697826175481204,54.33680075181222
"Stacja elektroenergetyczna 15/0,4kV Czerwony Most",substation,,18.64843982090911,54.33541956924573
